[[684 631 720 703]][[665 628 719 705]][[648 621 720 701]][[630 618 719 698]][[615 614 720 702]][[599 606 719 699]][[582 605 720 709]][[569 603 720 708]][[557 603 720 701]][[543 601 720 698]][[530 600 720 692]][[518 600 720 689]][[504 597 710 686]][[495 596 687 685]][[483 594 670 679]][[473 593 655 676]][[463 592 639 673]][[454 591 622 671]][[444 591 608 670]
 [597 615 713 693]][[434 590 594 665]][[424 589 582 662]][[415 589 567 662]][[408 588 555 659]][[399 588 543 655]][[390 587 535 654]][[383 587 519 652]][[375 587 510 652]
 [499 606 586 667]][[368 585 501 652]
 [487 608 574 667]][[368 586 487 648]][[366 584 479 646]][[350 584 471 645]][[337 581 449 642]][[332 582 444 639]][[323 580 436 637]][[319 583 425 637]][[312 581 416 636]][[306 579 411 639]][[303 579 412 639]][[297 577 423 636]][[289 576 442 642]][[286 576 432 640]][[281 575 424 639]][[263 576 351 625]][[258 576 346 622]][[255 574 339 619]][[234 574 305 621]][[230 574 345 624]][[223 573 335 626]][[221 573 326 621]][[217 573 321 622]][[214 572 316 621]][[205 571 264 614]][[199 570 275 616]][[192 572 285 616]][[187 573 275 614]][[184 573 271 615]][[182 571 267 611]][[179 571 265 612]][[176 571 260 612]][[173 570 257 613]][[170 570 252 610]][[168 569 249 610]][[166 568 246 608]][[162 567 242 606]][[160 567 238 606]][[147 566 218 602]][[147 567 216 602]][[144 564 216 601]][[143 563 213 599]][[139 562 211 599]][[136 563 206 599]][[134 564 203 599]][[132 565 200 599]][[131 564 198 597]][[129 564 197 596]][[128 564 192 596]][[684 631 720 703]][[665 628 719 705]][[648 621 720 701]][[630 618 719 698]][[615 614 720 702]][[599 606 719 699]][[582 605 720 709]][[569 603 720 708]][[557 603 720 701]][[543 601 720 698]][[530 600 720 692]][[518 600 720 689]][[504 597 710 686]][[495 596 687 685]][[483 594 670 679]][[473 593 655 676]][[463 592 639 673]][[454 591 622 671]][[444 591 608 670]
 [597 615 713 693]][[434 590 594 665]][[424 589 582 662]][[415 589 567 662]][[408 588 555 659]][[399 588 543 655]][[390 587 535 654]][[383 587 519 652]][[375 587 510 652]
 [499 606 586 667]][[368 585 501 652]
 [487 608 574 667]][[368 586 487 648]][[366 584 479 646]][[350 584 471 645]][[337 581 449 642]][[332 582 444 639]][[323 580 436 637]][[319 583 425 637]][[312 581 416 636]][[306 579 411 639]][[303 579 412 639]][[297 577 423 636]][[289 576 442 642]][[286 576 432 640]][[281 575 424 639]][[263 576 351 625]][[258 576 346 622]][[255 574 339 619]][[234 574 305 621]][[230 574 345 624]][[223 573 335 626]][[221 573 326 621]][[217 573 321 622]][[214 572 316 621]][[205 571 264 614]][[199 570 275 616]][[192 572 285 616]][[187 573 275 614]][[184 573 271 615]][[182 571 267 611]][[179 571 265 612]][[176 571 260 612]][[173 570 257 613]][[170 570 252 610]][[168 569 249 610]][[166 568 246 608]][[162 567 242 606]][[160 567 238 606]][[147 566 218 602]][[147 567 216 602]][[144 564 216 601]][[143 563 213 599]][[139 562 211 599]][[136 563 206 599]][[134 564 203 599]][[132 565 200 599]][[131 564 198 597]][[129 564 197 596]][[128 564 192 596]][[105 551 141 573]][[105 551 145 573]][[106 551 145 573]][[107 550 146 574]][[108 550 148 573]][[108 549 149 573]][[109 546 150 573]][[109 545 152 572]][[111 546 152 573]][[111 546 153 574]][[112 546 153 574]][[113 546 154 574]][[114 546 154 574]][[115 546 155 573]][[114 545 156 574]][[116 545 157 573]][[115 544 158 572]][[118 546 159 572]][[119 546 160 572]][[119 546 161 572]][[121 545 165 572]][[123 545 167 573]][[125 545 168 572]][[126 545 170 572]][[129 545 172 573]][[130 545 174 572]][[132 545 175 573]][[133 546 175 572]][[136 546 178 573]][[137 546 181 573]][[138 546 181 573]][[138 545 183 573]][[138 545 184 573]][[138 544 186 573]][[140 544 187 574]][[142 544 189 574]][[143 544 191 574]][[146 544 193 574]][[148 544 194 574]][[150 545 197 574]][[151 544 199 574]][[153 545 202 574]][[155 548 204 575]][[157 547 206 575]][[158 545 208 575]][[159 545 212 575]][[161 548 213 576]][[165 548 215 576]][[167 548 217 576]][[168 547 221 576]][[170 548 220 577]][[171 547 224 577]][[174 546 228 578]][[176 546 230 580]][[178 548 233 580]][[178 548 235 581]][[182 548 236 581]][[184 548 240 581]][[187 548 244 581]][[190 549 245 582]][[192 549 247 583]][[194 549 250 583]][[196 549 254 583]][[199 549 257 583]][[201 550 260 584]][[204 550 262 584]][[207 550 264 585]][[208 550 267 584]][[211 550 271 585]][[214 550 275 586]][[216 550 278 587]][[220 550 282 587]][[223 550 284 587]][[224 550 287 589]][[227 550 290 590]][[230 550 294 591]][[232 551 299 591]][[236 550 302 591]][[239 551 308 590]][[242 551 309 591]][[247 551 316 591]][[249 551 319 592]][[254 551 322 593]][[257 552 323 594]][[260 552 331 593]][[264 553 337 595]][[268 553 339 595]][[272 553 343 597]][[274 551 344 594]][[279 553 348 597]][[282 551 348 595]][[286 553 351 598]][[289 555 370 599]][[295 556 379 601]][[303 554 386 601]][[308 556 391 600]][[312 557 396 601]][[315 557 402 602]][[320 555 407 603]][[324 553 414 602]][[330 552 419 603]][[333 554 427 605]][[338 554 433 605]][[345 554 437 606]][[356 553 445 606]][[358 553 450 607]][[358 553 457 609]][[364 554 465 609]][[366 552 469 611]
 [ 96 529 144 549]][[373 555 477 611]
 [ 96 528 138 549]][[378 555 483 612]
 [ 96 528 136 549]][[ 97 527 135 549]
 [385 555 491 615]][[390 555 500 615]
 [ 99 527 134 549]][[394 557 508 616]
 [ 99 527 136 549]][[ 99 528 137 549]][[ 99 528 137 549]
 [406 556 523 618]][[412 558 530 618]
 [100 527 137 549]][[101 527 137 549]
 [420 560 539 621]][[102 525 138 549]
 [430 562 548 623]][[434 560 557 625]
 [103 524 139 549]][[104 523 140 548]
 [441 563 567 626]][[448 560 576 627]
 [105 523 141 547]][[107 523 142 547]
 [454 560 589 628]][[462 561 595 631]
 [108 523 142 547]][[109 523 143 546]
 [467 561 607 631]][[476 563 619 633]
 [110 522 144 546]][[110 522 148 546]
 [481 563 627 635]][[492 565 639 637]
 [110 521 149 545]][[500 565 652 639]
 [113 521 150 545]][[508 567 665 642]
 [117 523 152 545]][[514 567 678 646]
 [118 524 153 546]][[528 572 688 649]
 [119 523 156 546]][[543 572 701 651]
 [120 524 157 547]][[543 570 717 654]
 [121 524 158 547]][[555 572 720 657]
 [123 524 160 547]][[565 572 720 658]
 [124 524 162 547]][[574 573 720 661]
 [126 523 164 547]][[128 524 166 547]
 [586 574 720 661]][[130 524 168 547]
 [605 581 720 661]][[132 525 169 548]
 [607 577 720 657]][[134 525 171 549]
 [621 578 720 658]][[135 524 172 549]
 [635 580 719 655]][[136 524 175 549]
 [646 582 720 661]][[138 525 176 550]
 [658 583 719 664]][[673 583 720 666]
 [139 524 180 551]][[142 524 183 551]
 [688 588 719 666]][[144 525 184 552]][[147 527 187 552]][[149 527 190 552]][[152 526 192 552]][[153 528 196 552]][[155 527 199 553]][[157 526 202 554]][[159 528 204 554]][[160 528 207 554]][[163 529 209 554]][[167 528 210 555]][[169 529 215 556]][[171 529 217 557]][[173 529 220 558]][[175 528 223 558]][[177 529 226 558]][[181 530 230 559]][[184 530 233 560]][[186 530 237 560]][[189 530 239 560]][[191 531 242 561]][[194 533 245 562]][[197 534 249 564]][[200 534 252 565]][[203 534 255 566]][[207 534 259 566]][[209 534 263 567]][[213 534 266 567]][[216 533 270 567]][[218 533 274 568]][[222 535 278 569]][[224 536 282 570]][[230 535 286 570]][[232 534 291 571]][[235 535 295 574]][[239 538 299 574]][[242 538 302 575]][[247 537 305 574]][[249 536 309 574]][[254 540 314 575]][[257 542 319 576]][[261 540 323 576]][[265 541 328 577]][[269 541 332 577]][[272 542 339 579]][[278 541 340 580]][[283 542 341 582]][[287 542 341 582]][[291 544 342 583]][[296 545 370 584]][[301 547 374 585]][[307 545 377 586]][[312 546 383 586]][[315 547 390 589]][[321 549 396 591]][[324 549 403 591]][[325 549 409 594]][[340 551 417 595]][[353 552 422 597]][[353 553 429 598]][[351 552 434 600]][[357 553 443 600]][[363 554 449 601]][[369 555 456 601]][[375 556 465 604]][[380 555 472 606]][[385 556 480 606]][[393 557 487 609]][[400 560 496 612]][[405 560 505 613]][[411 563 515 614]][[419 563 523 616]][[426 563 530 617]][[432 564 540 618]][[441 566 549 619]][[448 566 560 624]][[457 566 568 624]][[464 567 578 626]][[473 569 589 630]][[480 568 600 631]][[489 570 611 632]][[499 571 624 633]][[508 572 635 635]][[516 573 651 641]][[528 576 664 642]][[536 578 675 645]][[546 579 689 648]][[558 579 700 650]][[569 581 717 653]][[582 583 720 659]][[592 584 720 659]][[603 586 719 661]][[617 587 720 661]][[631 590 720 661]][[644 591 720 662]][[658 590 720 661]][[673 592 720 661]][[688 597 720 663]][[677 643 719 714]][[658 637 719 712]][[642 635 719 711]][[626 631 719 705]][[611 621 719 709]][[600 617 720 710]][[583 619 719 709]][[569 610 720 709]][[500 594 710 684]][[491 592 696 680]][[482 588 680 675]][[472 587 664 670]][[462 583 649 666]][[453 582 634 664]][[417 573 581 649]][[409 574 570 647]][[395 572 548 638]][[387 571 536 638]][[382 571 522 634]][[328 559 448 613]][[322 557 442 610]][[317 555 433 609]][[312 556 426 605]][[305 556 417 604]][[301 555 411 607]][[294 555 402 607]][[287 552 396 606]][[285 550 389 603]][[281 547 384 604]][[276 548 380 600]][[224 536 310 585]][[159 529 222 567]][[155 528 218 565]][[146 527 210 564]][[144 527 205 563]][[142 527 202 563]][[140 527 198 563]][[137 526 195 563]][[133 526 191 562]][[112 527 167 559]][[110 526 164 560]][[104 528 156 560]][[ 99 528 151 560]][[ 97 529 148 560]][[ 95 528 145 560]][[ 77 522 126 559]][[ 78 521 123 559]][[ 76 522 122 559]][[ 77 522 120 559]][[ 76 521 117 559]][[ 73 525 108 559]][[ 68 524 105 558]][[ 67 525 103 557]][[ 66 525 101 557]][[689 692 719 743]][[672 684 720 743]][[652 672 720 739]][[635 666 720 743]][[619 661 720 742]][[603 657 720 744]][[588 656 720 741]][[575 653 720 735]][[562 651 720 729]][[549 648 702 722]][[535 645 685 720]][[523 642 668 717]][[512 639 652 714]][[498 637 636 708]][[488 634 622 704]][[476 632 611 701]][[466 631 596 699]][[456 630 581 695]][[447 627 568 693]][[436 626 558 691]][[429 624 546 686]][[417 622 533 684]][[410 620 522 682]][[401 618 512 680]][[393 618 502 676]][[385 615 492 674]][[378 614 482 670]][[370 613 473 669]][[364 610 464 667]][[355 609 455 665]][[350 608 447 662]][[341 606 439 660]][[335 605 429 656]][[329 605 422 655]][[327 601 416 652]][[328 600 407 651]][[327 599 401 649]][[323 598 395 648]][[320 600 386 646]][[294 596 377 644]][[289 593 370 642]][[286 593 364 640]][[279 591 359 639]][[275 593 353 637]][[271 592 346 637]][[264 591 342 635]][[259 589 335 634]][[255 589 315 629]][[246 588 309 628]][[240 588 309 626]][[238 585 307 626]][[234 582 303 625]][[229 584 296 625]][[225 584 291 623]][[220 584 286 622]][[217 583 281 622]][[215 583 279 618]][[209 580 274 616]][[207 581 270 616]][[204 579 265 615]][[201 578 263 615]][[196 579 257 614]][[193 577 254 612]][[189 577 248 612]][[178 576 236 608]][[176 575 232 607]][[174 575 229 607]][[170 576 226 607]][[168 573 221 606]][[163 573 218 604]][[161 571 216 604]][[159 571 212 602]][[156 571 208 601]][[153 569 205 601]][[151 568 201 600]][[147 567 199 600]][[144 567 197 598]][[143 569 192 597]][[132 566 183 595]][[130 566 180 594]][[129 566 176 593]][[127 566 173 592]][[123 565 170 592]][[121 565 168 592]][[120 565 167 592]][[117 565 163 591]][[115 563 161 591]][[112 564 157 590]][[110 563 155 590]][[107 563 152 591]][[105 563 151 591]][[ 95 561 138 589]][[ 92 561 135 588]][[676 683 720 761]][[656 680 720 758]][[634 666 720 753]][[615 654 719 748]][[596 650 720 761]][[579 655 720 761]][[561 647 720 759]][[546 641 720 755]][[530 644 718 746]][[514 641 720 740]][[499 636 702 733]][[489 632 681 728]][[472 627 661 723]][[459 627 642 720]][[447 623 623 715]
 [446 623 623 715]][[433 622 607 710]][[420 622 589 705]][[410 620 573 702]][[399 619 556 698]][[383 614 527 691]
 [378 614 526 691]][[368 614 512 687]][[357 614 500 685]][[350 607 486 682]][[341 608 473 679]][[330 607 463 672]][[324 609 448 672]][[318 602 427 666]][[313 600 416 665]][[281 600 396 661]][[278 600 387 659]][[271 598 379 655]][[263 598 368 655]][[257 597 360 654]][[250 592 350 649]][[243 591 343 649]][[238 587 334 647]][[231 590 330 647]][[227 589 328 646]][[210 586 297 638]][[204 585 291 637]][[199 582 284 634]][[193 580 278 633]][[189 580 272 633]][[184 578 266 630]][[179 578 259 628]][[176 578 253 626]][[172 578 250 624]][[165 577 241 623]][[161 576 237 623]][[157 575 232 622]][[153 574 225 621]][[149 573 222 619]][[145 572 217 618]][[141 571 211 617]][[136 572 207 617]][[133 571 200 615]][[130 571 197 615]][[126 570 192 614]][[121 570 187 613]][[118 569 184 612]][[115 568 178 610]][[114 569 174 609]][[109 568 171 609]][[497 592 546 618]][[496 592 545 618]][[496 591 544 618]][[495 591 543 617]][[495 591 543 617]][[493 591 542 617]][[493 591 541 617]][[493 591 541 618]][[492 592 540 618]][[491 592 540 618]][[491 592 540 618]][[487 593 539 618]][[487 591 539 619]][[487 592 538 618]][[486 593 537 619]][[485 593 536 619]][[485 592 536 619]][[483 592 535 619]][[482 594 534 619]][[483 593 533 619]][[481 593 532 619]][[479 592 531 619]][[479 592 531 619]][[479 592 530 619]][[479 592 529 619]][[478 591 529 619]][[477 592 527 619]][[476 592 527 619]][[475 591 527 619]][[474 591 526 619]][[474 592 525 620]][[474 593 525 619]][[473 592 525 619]][[473 592 524 619]][[471 592 523 618]][[471 592 523 618]][[470 593 522 620]][[470 593 522 620]][[469 591 522 620]][[470 591 522 620]][[470 592 522 621]][[469 592 522 620]][[470 593 522 621]][[474 594 521 620]][[474 594 521 620]][[473 594 521 620]][[473 594 521 620]][[470 594 522 622]][[470 594 522 622]][[471 594 522 622]][[471 594 522 622]][[471 595 522 622]][[471 595 522 622]][[471 595 522 622]][[472 597 521 622]][[472 597 521 621]][[471 597 521 622]][[471 597 521 622]][[470 597 521 623]][[470 597 521 623]][[470 597 522 623]][[470 597 522 624]][[470 598 522 625]][[470 598 522 625]][[470 598 521 626]][[471 598 521 627]][[471 598 521 627]][[471 599 520 627]][[472 599 521 627]][[472 599 521 628]][[471 601 521 628]][[470 601 521 628]][[469 600 521 629]][[469 600 521 629]][[469 600 521 629]][[586 599 613 625]
 [469 602 521 629]][[584 598 613 625]
 [469 603 521 630]][[583 597 613 626]
 [470 603 521 630]][[582 598 613 627]
 [470 604 520 630]][[578 599 612 630]
 [472 604 519 630]][[576 599 613 631]
 [471 604 519 631]][[575 600 612 631]
 [471 605 520 631]][[573 600 611 631]
 [471 605 520 631]][[570 602 610 632]
 [471 606 519 632]][[567 604 609 632]
 [470 606 521 631]][[565 602 609 633]
 [472 606 519 631]][[560 604 608 634]
 [471 606 518 632]][[559 604 608 635]
 [471 606 518 632]][[556 604 607 636]
 [471 606 518 632]][[553 605 604 637]
 [470 605 518 632]][[551 602 603 638]
 [471 605 518 632]][[548 607 599 639]
 [471 605 518 632]][[545 608 595 640]
 [470 605 518 632]][[543 610 594 641]
 [471 606 518 632]][[539 612 591 643]
 [471 606 518 633]][[537 611 590 643]
 [471 606 518 633]][[535 611 588 645]
 [471 606 518 633]][[530 611 585 647]
 [471 606 517 633]][[528 612 582 647]
 [472 607 518 633]][[525 615 577 648]
 [471 606 519 633]][[521 615 573 649]
 [472 607 518 633]][[518 616 573 649]
 [471 607 518 633]][[514 615 570 652]
 [472 607 518 633]][[511 615 568 653]
 [470 608 515 634]][[508 615 566 654]
 [472 607 513 633]][[503 615 564 655]
 [472 606 513 633]][[501 617 561 655]
 [472 607 512 633]][[496 619 558 658]][[494 617 555 658]][[489 618 551 659]][[485 620 549 661]][[481 617 547 662]][[479 619 542 664]][[474 620 539 666]][[465 620 536 667]][[463 614 531 668]][[462 616 530 669]][[461 618 526 671]][[450 627 522 674]][[442 626 518 676]][[440 624 514 677]][[435 627 511 680]][[432 631 506 680]][[423 631 500 681]][[418 632 497 682]][[413 633 491 684]][[406 632 488 686]][[401 633 485 688]
 [400 642 457 689]
 [474 610 522 637]][[395 636 484 691]][[389 639 481 694]][[380 641 467 697]][[375 641 463 698]][[367 644 459 702]][[359 645 455 703]
 [473 611 527 638]][[352 647 447 705]
 [473 610 527 638]][[345 647 441 705]][[337 647 438 710]][[329 650 430 714]
 [474 610 527 638]][[321 652 425 716]
 [474 610 528 638]][[312 653 417 717]
 [474 611 528 638]][[302 653 411 720]
 [474 611 528 638]][[293 655 403 722]
 [474 611 528 638]][[283 657 399 725]
 [474 611 528 638]][[273 660 391 730]
 [474 611 528 638]][[263 659 383 734]
 [476 610 528 638]][[477 610 528 638]][[240 664 371 740]
 [476 610 528 638]][[477 610 528 638]
 [228 666 359 744]][[217 667 352 748]
 [477 609 528 638]][[203 669 345 750]
 [476 610 529 638]][[192 669 337 754]
 [478 609 528 638]][[177 669 330 756]
 [478 609 528 638]][[478 609 529 638]
 [163 675 318 762]][[149 678 308 767]
 [478 609 529 638]][[131 680 297 770]
 [478 609 529 638]][[117 679 282 776]
 [479 609 529 638]][[100 680 274 780]
 [477 610 529 638]][[ 81 683 270 786]
 [477 610 529 638]][[477 609 529 638]
 [ 63 687 251 792]][[ 43 695 233 797]
 [477 610 529 638]][[ 25 695 236 802]
 [477 610 529 638]][[  4 697 225 809]
 [477 610 529 638]][[477 610 529 638]
 [  0 703 209 816]][[478 609 529 638]
 [  0 705 195 823]][[477 610 529 638]][[477 610 529 638]
 [  1 710 149 831]][[478 610 530 638]][[478 610 529 638]][[477 610 530 638]
 [  0 724  87 823]][[477 610 530 638]][[  0 734  46 833]
 [477 610 530 638]][[477 610 530 638]][[478 610 530 638]][[478 611 530 638]][[478 612 530 638]][[477 611 530 638]][[478 612 530 638]][[477 612 530 638]][[478 613 530 638]][[477 612 530 638]][[477 613 530 638]][[477 613 530 638]][[477 613 530 638]][[478 613 530 638]][[477 613 530 638]][[477 613 530 639]][[477 614 530 639]][[476 613 530 639]][[476 613 529 639]][[476 613 530 639]][[476 613 529 639]][[476 613 529 639]][[476 613 529 639]][[476 613 529 639]][[476 613 529 639]][[476 613 529 638]][[476 613 528 638]][[476 613 527 638]][[476 614 528 639]][[476 612 528 638]][[476 613 527 638]][[475 613 527 638]][[475 613 527 638]][[476 613 527 638]][[475 612 527 639]
 [591 608 620 638]][[475 612 527 639]
 [588 609 620 639]][[586 609 620 639]
 [475 612 528 639]][[584 609 619 640]
 [474 612 527 639]][[583 609 619 640]
 [474 612 527 639]][[581 609 619 640]
 [475 612 527 639]][[579 610 619 641]
 [474 613 526 639]][[576 610 619 642]
 [475 612 526 639]][[574 610 619 643]
 [475 612 526 639]][[571 610 618 644]
 [475 612 527 639]][[571 611 618 645]
 [475 612 526 639]][[569 611 618 645]
 [475 612 527 639]][[566 611 616 646]
 [475 612 527 639]][[565 612 615 647]
 [475 612 527 639]][[561 613 613 648]
 [475 613 527 639]][[559 615 611 648]
 [476 613 527 640]][[557 615 608 648]
 [475 613 527 640]][[553 614 608 649]
 [475 613 527 639]][[551 615 607 649]
 [475 613 527 640]][[548 615 604 650]
 [476 614 527 640]][[544 615 601 653]
 [475 614 527 640]][[543 615 598 654]
 [476 615 527 641]][[541 617 596 654]
 [476 614 526 640]][[537 619 593 655]
 [476 615 525 640]][[535 620 591 655]
 [475 615 523 640]][[532 620 587 656]
 [476 615 522 640]][[531 620 585 657]][[528 620 583 657]
 [477 615 522 641]][[524 621 581 658]][[522 622 579 661]
 [478 616 524 641]][[517 621 577 663]][[515 622 575 663]][[511 622 572 664]
 [480 615 524 640]][[507 623 569 665]
 [479 616 522 640]][[505 624 566 667]][[500 626 563 667]][[498 626 562 668]][[495 627 559 669]][[490 627 556 671]][[488 628 553 671]][[483 628 550 672]][[481 628 548 674]][[478 629 544 675]][[471 624 541 677]][[471 628 538 679]][[470 620 535 679]][[464 619 532 680]][[459 622 529 682]][[451 628 526 683]][[447 635 522 687]][[441 636 519 687]][[437 638 516 688]
 [489 616 531 641]][[434 641 513 689]
 [483 617 531 642]][[430 641 509 690]
 [483 617 531 643]][[424 641 504 692]
 [482 617 531 643]][[418 641 501 694]
 [482 618 530 643]][[413 643 497 697]
 [481 618 531 644]][[408 644 493 698]
 [481 618 531 644]][[403 644 490 700]
 [480 618 530 644]][[398 646 487 701]
 [480 619 529 644]][[393 648 482 703]
 [480 618 531 643]][[480 619 531 644]
 [385 648 476 705]][[379 648 468 707]
 [480 619 531 644]][[372 649 467 709]
 [480 619 530 644]][[366 650 466 712]
 [480 619 530 644]][[360 651 458 713]
 [480 619 531 644]][[353 652 456 715]
 [481 619 530 644]][[347 654 450 716]
 [481 619 530 644]][[340 654 443 718]
 [481 620 529 644]][[332 655 440 720]
 [481 618 532 643]][[325 657 435 722]
 [483 618 533 643]][[319 660 431 725]
 [482 618 533 643]][[311 662 423 728]][[303 663 416 731]
 [482 619 534 643]][[295 664 411 733]
 [482 619 534 643]][[285 665 407 736]
 [483 619 534 643]][[276 666 398 738]
 [483 620 534 643]][[483 620 534 643]][[258 670 384 744]
 [484 620 534 644]][[249 671 378 746]
 [484 620 534 644]][[238 672 371 750]
 [484 619 534 644]][[229 674 365 754]
 [484 620 534 644]][[220 676 359 756]
 [484 620 534 643]][[207 678 349 761]
 [484 619 534 644]
 [483 621 518 644]][[196 678 341 765]
 [484 619 534 644]][[184 680 333 767]
 [484 619 536 644]][[171 682 328 772]
 [484 619 535 644]][[160 684 317 774]
 [484 619 536 644]][[147 687 311 778]
 [484 618 535 644]][[134 690 300 783]
 [484 618 535 644]][[120 692 291 787]
 [485 618 535 645]][[104 694 285 793]
 [485 618 535 645]][[ 89 695 268 797]
 [485 618 535 645]][[ 72 698 264 803]
 [484 618 535 645]][[ 57 702 254 806]
 [485 619 535 645]][[ 39 705 236 813]
 [485 619 534 645]][[ 22 709 230 817]
 [485 619 534 645]][[  5 710 218 825]
 [484 619 534 645]][[  0 715 204 829]
 [485 619 534 645]][[  0 717 182 838]
 [485 620 534 645]][[  0 720 170 844]
 [484 620 534 645]][[  0 724 156 848]][[  0 727 159 848]
 [484 620 534 645]][[  0 730 141 848]
 [484 621 534 645]][[  0 735 109 847]][[  0 738  96 847]
 [484 620 534 646]][[485 620 534 645]][[484 620 534 646]][[484 620 534 646]][[484 621 534 646]][[485 621 534 646]][[485 621 534 646]][[485 621 534 647]][[484 621 534 647]][[485 620 534 647]][[484 621 533 646]][[485 621 534 647]][[485 621 534 647]][[485 620 534 647]][[484 621 534 647]][[484 620 534 647]][[485 620 534 647]][[484 621 534 647]][[484 621 534 647]][[484 621 534 647]][[484 621 534 647]][[484 621 534 647]][[485 621 534 647]][[485 621 534 648]][[485 621 534 648]][[484 621 533 647]][[484 621 533 647]][[485 622 534 647]][[485 622 534 647]][[485 622 534 648]][[485 622 534 647]][[485 622 534 648]][[485 623 535 648]][[486 623 534 648]][[485 623 534 648]][[485 623 534 648]][[485 623 534 648]][[485 623 534 648]][[486 622 533 648]][[485 624 533 648]][[485 624 533 648]][[485 624 533 648]][[485 624 533 648]][[485 624 533 648]][[485 624 533 648]][[485 623 533 648]][[485 624 533 648]][[485 623 533 648]][[485 624 533 648]][[485 624 533 648]][[485 624 533 648]][[485 624 533 648]][[484 624 533 648]][[484 624 533 648]][[484 624 532 649]][[484 624 532 649]][[484 624 532 649]][[483 624 532 649]][[483 624 532 649]][[483 624 532 649]][[483 624 532 649]][[482 624 532 649]][[482 624 532 649]][[482 624 532 649]][[482 624 532 649]][[482 624 532 649]][[482 625 532 649]][[482 625 532 649]][[482 624 531 649]][[482 625 531 649]][[482 625 530 649]][[482 624 530 649]][[482 624 530 649]][[482 624 530 649]][[482 624 530 649]][[481 624 529 649]][[481 624 529 649]][[481 624 529 649]][[481 624 529 649]][[481 624 529 649]][[481 624 529 649]][[481 624 529 649]][[481 624 529 649]][[481 624 529 649]][[481 624 529 649]][[480 624 529 649]][[480 623 529 649]][[480 623 529 649]][[480 623 529 650]
 [  0 734  62 796]][[480 623 529 650]
 [  0 724  86 798]][[  0 720 110 798]
 [480 623 530 650]][[  0 717 116 797]
 [480 623 530 650]][[  1 714 130 799]
 [480 623 530 650]][[  1 711 147 796]
 [480 623 529 650]][[  1 710 159 792]
 [480 623 529 650]][[  0 707 166 787]
 [480 623 529 650]][[  1 703 184 784]
 [480 623 529 651]][[ 12 700 198 779]
 [480 624 529 651]][[ 29 699 206 776]
 [479 623 529 650]][[ 44 695 221 771]
 [479 623 529 651]][[ 59 693 229 768]
 [479 623 529 651]][[ 74 691 238 764]
 [479 623 529 651]][[ 90 687 249 761]
 [479 624 529 651]][[103 686 257 755]
 [479 623 529 651]][[118 684 268 754]
 [479 624 529 651]][[130 682 278 751]
 [479 623 529 651]][[143 681 285 748]
 [478 624 529 651]][[155 680 295 747]
 [478 624 529 651]][[166 680 301 743]
 [478 623 529 651]][[178 677 314 738]
 [478 624 529 651]][[189 675 319 737]
 [478 624 529 652]][[198 674 328 735]
 [478 624 529 652]][[210 675 336 731]
 [478 624 528 652]][[220 671 341 730]
 [477 624 528 652]][[229 669 349 727]
 [478 624 528 652]][[239 668 356 724]
 [478 624 528 652]][[246 666 362 721]
 [478 624 528 652]][[256 664 369 720]
 [477 624 528 652]][[264 661 376 719]
 [477 624 528 652]][[477 624 528 652]
 [274 648 384 716]
 [274 648 384 717]][[477 625 528 652]][[290 654 395 712]
 [477 625 528 652]][[297 650 400 710]
 [477 625 528 652]][[308 658 408 707]
 [477 624 528 652]][[313 658 413 706]
 [477 625 528 652]][[320 655 418 704]
 [477 625 528 652]][[327 656 424 702]
 [477 624 527 652]][[336 654 428 702]
 [477 624 527 652]][[341 653 434 700]
 [476 625 527 652]][[347 652 438 698]
 [476 625 527 652]][[354 650 442 697]
 [476 625 527 652]][[359 652 444 695]
 [476 625 527 652]][[368 649 447 693]
 [476 624 527 652]][[374 647 452 691]
 [476 624 527 652]][[380 645 461 689]
 [475 624 527 652]][[385 645 466 688]
 [474 624 527 652]][[390 645 466 687]
 [474 624 526 653]][[397 644 474 686]
 [474 624 526 652]][[403 642 474 684]
 [475 624 526 651]][[407 641 482 682]
 [474 623 526 651]][[411 640 485 681]
 [472 624 526 652]][[417 641 491 680]][[421 640 495 678]][[425 639 498 678]][[431 636 500 677]][[436 635 504 675]][[439 635 508 674]][[444 635 512 673]][[449 631 519 671]][[464 627 525 668]][[465 627 527 667]][[466 628 529 667]][[469 627 533 666]][[472 627 536 665]][[476 626 539 665]][[479 626 542 664]][[482 628 543 662]][[486 627 548 661]][[485 626 550 660]][[497 624 554 657]][[501 624 558 655]][[509 624 564 654]][[515 623 567 654]][[515 622 570 653]][[519 622 572 651]][[521 622 573 651]][[525 623 576 650]][[526 623 578 650]][[528 623 581 650]][[531 622 580 649]][[535 622 578 648]][[539 619 587 648]][[541 619 586 647]][[543 618 591 646]][[546 617 592 646]][[548 618 594 645]][[550 617 599 644]
 [472 626 524 652]][[552 618 600 644]
 [472 626 524 652]][[553 617 602 645]][[555 618 603 645]
 [472 627 524 652]][[558 617 606 644]
 [472 627 524 653]][[561 617 608 643]
 [473 628 524 653]][[564 617 610 642]
 [473 627 525 653]][[566 617 610 641]
 [472 627 524 653]][[568 616 612 641]
 [473 627 524 654]][[473 627 524 654]
 [569 616 613 641]][[473 627 524 654]
 [571 616 613 640]][[574 616 614 640]
 [473 628 523 653]][[576 617 614 640]
 [473 628 523 654]][[578 617 613 639]
 [473 628 523 654]][[581 617 613 639]][[583 616 613 640]][[585 616 614 640]][[586 616 615 639]
 [473 630 524 654]][[588 616 616 638]
 [473 630 524 655]][[589 616 617 638]][[473 629 524 655]][[473 629 524 655]][[472 631 523 658]][[472 631 523 658]][[472 632 523 658]][[472 631 523 658]][[472 631 523 658]][[472 639 519 664]][[472 639 519 664]][[472 638 518 664]][[472 638 518 664]][[472 638 518 664]][[471 638 518 665]][[471 638 519 665]][[471 638 519 665]][[471 638 519 666]][[471 638 519 666]][[471 638 520 666]][[471 638 520 666]][[471 638 519 665]][[471 639 520 666]][[472 639 521 666]][[472 639 521 666]][[472 639 521 666]][[472 639 522 666]][[471 639 522 667]][[471 640 522 667]][[471 639 522 667]][[471 640 522 667]][[471 640 522 667]][[471 640 522 667]][[471 640 522 667]][[471 640 523 667]][[471 640 523 667]][[471 640 523 667]][[472 640 523 667]][[473 645 524 668]][[473 645 524 669]][[473 645 524 669]][[473 645 524 669]][[566 638 618 666]][[566 637 617 666]][[566 637 616 665]][[567 637 616 665]][[568 637 616 664]][[568 637 615 664]][[568 637 615 664]][[568 637 616 664]][[568 637 616 664]][[567 636 616 664]][[568 636 617 664]][[567 637 617 664]][[567 637 618 663]][[566 636 618 663]][[566 636 617 663]][[566 635 617 663]][[565 635 617 663]][[565 636 617 663]][[564 635 617 663]][[564 634 617 663]][[564 634 617 663]][[564 635 616 663]][[563 634 617 662]][[563 635 617 662]][[563 635 617 662]][[563 635 617 662]][[563 635 617 662]][[564 634 617 662]][[564 634 616 661]][[564 634 616 662]][[563 633 616 661]][[564 633 617 661]][[564 633 617 661]][[564 633 617 661]][[564 633 617 661]][[564 633 616 661]][[564 632 617 661]][[564 632 616 660]][[564 632 617 661]][[563 633 616 661]][[564 632 616 661]][[564 632 616 661]][[564 633 616 660]][[564 632 616 660]][[564 633 616 660]][[564 633 615 660]][[564 633 616 660]][[564 632 616 660]][[564 633 616 661]][[564 633 616 660]][[564 632 616 660]][[564 632 615 660]][[564 632 615 660]][[564 633 615 660]][[564 632 615 660]][[563 632 615 660]][[564 633 615 660]][[564 633 616 660]][[564 633 616 661]][[564 633 615 660]][[564 632 616 660]][[564 632 615 659]][[564 632 616 659]][[564 632 616 660]][[565 632 616 659]][[565 632 616 659]][[565 632 616 659]][[565 631 616 659]][[565 631 616 659]][[565 632 617 659]][[565 631 617 659]][[565 631 616 659]][[565 631 616 659]][[565 631 617 658]][[565 631 617 658]][[565 631 616 658]][[565 631 617 658]][[565 630 617 658]][[565 631 617 659]][[565 631 617 658]][[566 631 618 658]][[567 631 618 659]][[567 631 618 659]][[567 631 618 659]][[568 631 618 659]][[568 631 618 659]][[568 631 618 659]][[568 631 618 659]][[568 631 618 659]][[568 631 618 659]][[568 631 619 659]][[568 631 619 659]][[569 631 619 659]][[569 631 619 659]][[569 631 619 659]][[569 631 619 659]][[569 631 619 659]][[569 631 619 659]][[569 631 619 659]][[569 631 620 658]][[569 631 620 658]][[570 631 620 658]][[570 631 620 658]][[570 631 620 658]][[570 631 620 658]][[570 631 620 658]][[570 631 621 658]][[570 631 620 658]][[570 631 621 658]][[570 631 622 659]][[569 631 621 659]][[570 631 621 659]][[569 631 622 659]][[570 632 622 659]][[570 632 622 659]
 [688 658 720 723]][[570 632 623 659]
 [688 658 720 724]][[570 632 623 659]
 [688 658 720 724]][[688 658 720 724]
 [570 632 622 659]][[570 632 623 659]][[570 633 623 660]
 [687 658 720 724]][[570 633 623 660]
 [687 658 720 724]][[570 633 623 660]][[570 633 623 660]
 [687 659 720 724]][[570 633 623 660]
 [687 659 720 724]][[570 633 623 660]
 [687 659 720 725]][[569 633 623 660]][[569 633 623 660]][[569 633 623 660]
 [687 659 720 724]][[570 634 624 660]
 [687 659 720 725]][[570 634 624 660]
 [687 660 720 725]][[570 635 624 660]
 [688 659 720 725]][[688 659 720 725]
 [570 635 624 661]][[570 635 624 661]
 [688 659 720 725]][[570 635 624 661]
 [688 659 720 725]][[570 636 624 661]
 [688 659 720 725]][[569 635 624 661]
 [688 659 720 725]
 [  0 729  69 799]][[  1 728  83 797]
 [688 660 720 725]
 [569 634 624 661]][[  1 722 112 800]
 [569 635 624 661]
 [688 660 720 726]][[569 635 624 661]
 [688 660 720 726]][[688 664 720 726]
 [569 635 624 662]][[569 636 624 662]
 [688 665 720 726]
 [  1 713 141 799]][[  0 711 155 802]
 [688 664 720 726]
 [569 635 624 662]][[  1 710 170 801]
 [569 636 624 662]
 [688 664 720 726]][[  0 708 157 797]
 [569 636 624 662]
 [688 665 720 726]][[  1 705 187 794]
 [569 637 624 662]
 [688 665 720 727]][[  2 704 165 789]
 [569 637 624 663]
 [688 665 720 727]][[568 637 624 663]
 [ 14 703 206 784]
 [688 665 720 727]][[ 31 701 221 784]
 [568 637 624 663]
 [688 664 720 727]][[ 43 699 229 780]
 [569 638 623 663]
 [688 664 720 727]][[ 58 699 243 780]
 [569 638 623 663]
 [688 664 720 727]][[ 72 697 249 777]
 [569 638 623 663]
 [688 664 720 728]][[ 87 694 263 773]
 [688 664 720 727]
 [569 638 623 664]][[ 99 694 267 769]
 [570 638 624 663]
 [688 664 720 727]][[569 638 623 664]
 [112 693 279 768]
 [688 665 720 728]][[123 691 284 765]
 [570 638 624 664]
 [689 666 720 728]][[135 690 295 762]
 [570 638 624 664]
 [689 666 720 727]][[148 689 309 760]
 [570 637 624 664]
 [689 666 720 727]][[159 688 316 758]
 [570 637 624 664]
 [689 666 720 728]][[169 686 323 755]
 [570 637 623 664]
 [689 667 720 728]][[182 685 328 753]
 [571 637 624 664]
 [689 667 720 728]][[190 683 342 751]
 [570 638 624 664]
 [689 667 720 728]][[201 683 354 750]
 [571 638 624 664]
 [689 667 720 728]][[213 680 359 748]
 [570 638 624 664]][[570 638 624 664]
 [222 680 358 747]][[570 638 624 664]
 [235 682 372 745]
 [689 666 720 728]][[241 680 375 742]
 [570 638 624 664]][[571 638 624 665]
 [250 680 381 742]][[571 638 624 665]
 [261 679 390 740]
 [690 666 720 728]][[270 678 398 736]
 [571 638 624 665]
 [689 667 720 728]][[571 639 624 665]
 [281 677 406 735]
 [689 666 720 728]][[571 639 624 665]
 [283 676 412 735]
 [689 666 720 728]][[570 639 624 665]
 [292 675 420 734]
 [689 666 720 729]][[571 639 624 665]
 [301 673 423 731]
 [689 666 720 729]][[309 674 429 729]
 [570 639 624 665]
 [689 666 720 728]][[317 672 435 727]
 [570 639 623 665]
 [689 665 720 729]][[324 672 440 727]
 [570 638 623 665]
 [689 665 720 729]][[332 671 448 725]
 [569 638 622 665]][[338 668 448 723]
 [570 638 622 665]
 [689 665 720 730]][[345 669 448 721]
 [570 638 622 665]][[353 668 459 721]
 [570 638 622 666]][[359 665 464 721]
 [569 638 622 666]][[367 667 469 719]
 [569 639 622 666]][[374 659 473 719]
 [569 639 622 666]][[378 660 478 718]
 [568 639 621 666]][[384 663 488 717]
 [569 639 621 666]][[390 662 496 716]][[398 663 497 716]][[405 664 504 714]][[408 661 508 713]][[414 662 511 712]][[420 662 516 711]][[425 661 522 710]][[428 661 524 709]
 [567 639 621 667]][[437 659 529 708]][[440 660 531 706]][[445 659 537 705]
 [567 639 621 667]][[453 660 540 703]
 [567 639 621 667]][[455 659 546 703]
 [567 640 621 667]][[461 659 547 702]
 [568 640 621 667]][[465 658 549 702]
 [568 640 621 667]][[471 657 553 701]
 [567 639 621 667]][[474 656 552 700]][[479 657 554 700]
 [567 638 620 668]][[483 658 555 699]][[567 642 620 668]][[500 656 579 696]
 [568 641 620 668]][[504 655 580 695]
 [568 640 620 668]][[507 653 583 694]
 [569 641 620 668]][[512 654 587 694]
 [581 643 619 669]][[515 652 589 693]][[519 653 589 692]][[522 650 595 692]][[527 650 601 692]][[531 647 611 691]][[534 645 616 690]][[536 644 614 688]][[541 644 615 687]][[547 646 616 687]][[550 645 618 686]][[550 645 618 685]][[551 645 620 685]][[555 647 621 685]][[557 646 624 684]][[562 646 628 684]][[564 646 629 684]][[568 646 634 682]][[569 646 635 681]][[570 646 637 680]][[573 645 638 680]][[577 645 640 680]][[582 645 644 679]][[585 644 646 678]][[587 644 649 678]][[590 642 650 678]][[592 641 652 677]][[595 641 655 676]][[596 641 651 675]
 [597 643 636 675]][[600 642 651 674]][[603 642 661 672]
 [603 642 640 673]][[605 642 661 672]
 [605 642 640 672]][[608 641 664 671]][[610 640 666 671]][[611 639 668 671]
 [563 643 613 669]][[614 640 670 670]
 [563 643 615 669]][[617 640 669 670]
 [564 642 615 669]][[620 639 675 669]
 [564 642 616 668]][[622 638 676 668]][[624 639 676 667]][[627 638 678 666]
 [564 642 616 668]][[629 637 680 666]
 [563 641 616 668]][[558 623 608 648]][[558 623 608 648]][[558 622 608 648]][[558 623 609 648]][[559 623 609 648]][[559 623 609 648]][[559 623 609 648]][[559 623 610 648]][[560 623 610 648]][[561 623 611 648]][[561 623 611 648]][[562 623 612 648]][[562 623 612 648]][[562 623 613 648]][[562 623 613 648]][[561 623 611 648]][[562 623 612 648]][[562 623 612 648]][[561 623 612 648]][[562 623 613 648]][[563 623 613 648]][[562 623 613 648]][[562 623 613 648]][[563 623 613 648]][[563 623 614 648]][[563 623 614 648]][[563 623 614 648]][[563 623 614 648]][[563 623 614 648]][[563 623 614 648]][[563 622 613 648]][[564 622 614 648]][[563 622 614 648]][[564 622 614 648]][[563 622 614 648]][[563 622 614 648]][[563 622 614 648]][[563 622 614 648]][[563 622 614 648]][[563 622 614 648]][[564 622 614 648]][[563 623 614 648]][[563 622 614 648]][[563 622 614 648]][[563 622 614 648]][[563 623 614 648]][[563 623 614 648]][[563 623 614 648]][[563 623 614 648]][[563 623 614 648]][[563 623 614 648]][[563 623 614 648]][[563 624 614 648]][[563 624 614 648]][[563 624 614 648]][[563 624 614 648]][[564 624 615 648]][[564 624 614 649]][[564 624 615 648]][[564 624 614 648]][[564 623 615 648]][[564 624 614 649]][[564 624 615 649]][[564 624 615 648]][[564 624 615 649]][[564 624 615 649]][[563 623 615 649]][[564 623 615 649]][[563 624 615 649]][[564 623 615 649]][[563 623 615 649]][[564 623 615 649]][[564 623 615 649]][[564 623 615 649]][[563 623 615 649]][[563 623 615 649]][[564 624 615 649]][[564 624 615 649]][[564 624 615 649]][[564 623 615 649]][[563 624 616 649]][[564 624 616 649]][[564 624 616 650]][[564 624 616 650]][[565 624 616 650]][[564 624 616 650]][[565 624 616 650]][[565 624 616 650]][[565 624 617 650]][[566 624 617 650]][[565 624 616 650]][[565 624 617 650]][[565 624 616 650]][[565 624 617 650]][[565 624 617 650]][[565 624 617 650]][[565 624 617 650]][[566 624 617 650]][[566 624 617 650]][[567 624 617 650]][[567 624 617 650]][[567 623 617 650]][[566 624 618 650]][[  0 746  45 792]
 [566 624 618 650]][[567 624 618 650]
 [  1 742  57 793]][[566 624 618 650]][[566 624 619 650]
 [  0 735  79 792]][[  0 718  90 786]
 [567 624 619 650]][[  1 719 102 786]
 [567 624 619 650]][[  1 717 113 788]
 [567 624 619 650]][[  0 716 123 786]
 [567 624 619 650]][[  1 718 132 789]
 [567 624 619 650]][[  1 718  96 792]
 [568 624 620 650]
 [ 68 725 140 771]][[  0 719 134 791]
 [567 624 619 650]][[  0 719 150 791]
 [568 624 620 650]][[  0 714 168 790]
 [568 624 620 650]][[  1 714 170 786]
 [568 624 620 650]][[  1 711 184 784]
 [568 624 620 650]][[  0 711 191 782]
 [568 624 620 651]][[  3 710 168 779]
 [567 625 620 651]][[ 12 706 207 778]
 [568 624 620 651]][[ 24 705 216 776]
 [567 624 620 651]][[ 35 704 223 773]
 [567 624 620 651]][[ 44 703 231 770]
 [567 624 620 651]][[ 55 704 238 769]
 [567 624 620 651]][[ 65 703 245 768]
 [567 624 620 651]][[ 75 700 250 766]
 [567 624 620 651]][[ 82 699 255 764]
 [566 624 619 652]][[ 91 698 260 761]
 [566 624 619 652]][[100 697 270 760]
 [566 624 620 652]][[107 697 275 758]
 [566 624 619 652]][[117 696 283 756]
 [565 624 619 652]][[124 694 289 755]
 [565 624 619 652]][[134 693 297 753]
 [566 624 619 652]][[140 692 302 752]
 [566 624 619 652]][[149 690 306 752]
 [566 624 619 652]][[155 690 310 750]
 [566 624 619 652]][[164 689 316 747]
 [566 625 619 652]][[170 688 323 746]
 [565 625 619 652]][[178 688 327 746]
 [566 625 619 653]][[183 688 331 744]
 [567 625 619 653]][[189 686 334 744]
 [566 625 618 653]][[196 685 338 741]
 [564 624 619 654]][[202 684 344 740]
 [564 624 619 654]][[206 683 348 738]
 [563 623 619 654]][[213 683 353 737]
 [564 625 618 654]][[219 682 358 736]
 [564 626 618 654]][[224 682 362 735]
 [562 626 618 655]][[231 681 366 735]
 [562 626 618 655]][[235 681 370 734]
 [563 626 617 655]][[242 681 375 733]
 [564 629 617 654]][[247 681 380 732]
 [564 629 617 654]][[564 629 617 655]
 [251 683 384 731]][[564 629 617 654]
 [257 680 389 730]][[262 679 390 730]
 [564 629 617 654]][[268 677 395 727]
 [564 629 616 654]][[271 677 396 726]
 [561 630 615 655]][[277 678 401 725]][[279 678 402 725]][[285 676 406 725]][[289 677 409 723]][[293 676 411 722]][[298 677 415 721]][[303 675 419 721]
 [558 630 609 657]][[307 675 423 720]
 [558 630 609 657]][[310 675 426 719]
 [557 630 610 657]][[314 674 430 719]
 [557 631 609 657]][[318 673 434 719]
 [556 631 609 658]][[320 673 435 718]
 [556 631 609 658]][[325 671 437 718]
 [555 631 609 658]][[555 632 609 658]
 [329 671 440 718]][[335 669 442 717]
 [555 632 609 658]][[339 672 446 716]
 [555 633 608 659]][[343 671 448 715]
 [555 633 608 659]][[346 670 450 715]
 [555 634 608 659]][[349 668 453 715]
 [555 634 607 660]][[352 670 456 713]
 [555 634 606 660]][[353 669 458 713]
 [554 634 606 661]][[358 668 459 713]
 [554 634 607 661]][[359 666 463 713]
 [554 634 606 661]][[363 666 465 713]
 [553 635 607 660]][[367 666 466 712]][[369 667 469 711]][[374 666 470 710]][[376 665 472 710]
 [553 636 606 661]][[378 666 474 709]
 [553 635 606 661]][[381 666 477 709]
 [553 636 605 661]][[383 667 481 707]
 [553 636 604 661]][[386 665 484 708]
 [553 635 603 662]][[390 666 486 706]
 [552 635 602 662]][[392 666 486 706]
 [552 635 601 662]][[394 665 490 705]
 [552 635 601 662]][[396 664 492 705]
 [552 635 601 662]][[399 664 492 706]
 [551 635 601 662]][[401 665 496 704]
 [551 635 601 662]][[404 664 497 704]
 [552 636 601 663]][[407 664 498 704]
 [551 637 601 663]][[409 665 501 704]
 [551 637 600 663]][[408 665 501 703]
 [551 637 601 663]][[409 665 502 702]
 [551 637 601 663]][[414 666 504 703]
 [551 638 601 663]][[419 664 505 703]
 [550 638 602 664]][[421 663 508 702]
 [551 638 601 663]][[422 664 510 702]
 [551 638 601 664]][[551 638 601 664]
 [426 663 512 701]][[551 638 601 664]
 [426 663 513 702]][[429 663 513 701]
 [551 638 601 664]][[430 664 515 701]
 [551 638 600 664]][[432 665 517 700]
 [551 638 600 664]][[437 664 517 699]
 [552 638 600 664]][[439 664 519 699]
 [551 638 599 664]][[441 665 521 699]
 [551 638 599 664]][[443 664 520 699]
 [551 638 599 664]][[551 638 599 664]][[448 663 525 698]
 [551 638 598 664]][[449 663 528 698]
 [551 638 599 664]][[449 661 530 699]
 [551 638 599 664]][[551 638 599 664]
 [451 660 531 698]][[454 662 534 697]
 [550 638 599 664]][[456 661 531 698]
 [550 638 600 664]][[457 661 534 697]
 [550 638 600 664]][[458 659 534 698]
 [550 638 601 664]][[462 659 536 696]
 [551 638 601 664]][[464 659 536 697]
 [550 638 601 664]][[465 659 536 696]
 [551 638 601 664]][[468 658 536 696]
 [551 638 601 664]][[470 658 537 695]
 [551 638 601 664]][[471 657 537 695]
 [551 638 601 664]][[472 657 540 695]
 [551 638 601 664]][[473 658 542 695]
 [551 638 602 664]][[474 659 545 694]
 [551 639 602 664]][[476 657 553 694]
 [552 638 602 664]][[477 656 555 694]
 [552 638 601 664]][[479 657 555 694]
 [551 638 602 664]][[481 656 555 693]
 [551 638 602 664]][[484 656 556 693]
 [551 638 602 664]][[484 657 557 693]
 [551 638 602 664]][[486 656 558 693]
 [551 638 602 664]][[488 658 559 692]
 [551 638 602 664]][[488 657 559 692]][[489 656 560 691]
 [551 638 601 664]][[491 656 561 690]][[493 655 561 690]
 [551 638 603 664]][[493 655 562 691]
 [551 638 603 664]][[494 654 562 690]][[497 654 562 690]][[499 654 563 689]][[500 654 563 689]][[500 655 563 689]][[501 657 564 689]][[502 658 564 689]][[503 656 565 688]][[504 656 566 688]][[505 655 566 688]][[504 656 567 687]][[505 657 567 687]][[506 657 567 687]][[506 656 568 687]][[507 656 567 687]][[508 656 567 687]][[509 656 567 687]][[510 655 568 687]][[511 655 568 687]][[511 655 569 686]][[512 655 568 686]][[512 655 569 686]
 [551 638 603 664]][[512 655 569 686]
 [550 638 603 663]][[513 655 569 686]
 [551 638 603 663]][[513 654 568 686]
 [551 638 602 663]][[514 654 569 685]][[515 654 569 685]
 [553 638 602 663]][[516 654 569 684]
 [553 638 602 663]][[516 654 569 684]
 [553 638 602 663]][[518 654 568 684]
 [554 638 602 663]][[518 653 568 683]
 [553 638 602 663]][[518 653 568 683]
 [553 638 602 663]][[518 653 568 683]
 [552 638 603 663]][[519 653 568 683]
 [553 638 602 663]][[519 652 568 683]
 [554 638 602 662]][[520 652 569 682]
 [555 638 603 662]][[554 638 603 662]
 [520 651 568 682]][[554 638 603 662]][[555 637 603 662]][[555 638 603 662]][[556 637 603 662]][[556 638 604 662]][[556 638 604 662]][[556 638 604 662]][[557 638 604 662]][[558 637 604 662]][[558 637 604 662]][[558 637 604 662]][[559 637 604 662]][[558 637 604 662]][[557 637 604 662]][[560 637 605 662]][[560 637 604 662]][[560 637 604 662]][[560 636 605 662]][[562 637 605 662]][[564 637 605 661]
 [525 645 566 677]][[564 637 604 661]
 [525 645 566 677]][[564 637 605 661]
 [525 645 566 677]][[563 637 606 661]][[563 637 606 661]
 [525 645 566 676]][[562 637 606 661]][[563 637 607 661]][[563 637 607 661]][[562 637 607 661]][[562 637 607 661]][[561 637 607 661]
 [523 644 566 677]][[560 636 608 661]][[560 636 608 661]][[560 636 608 661]][[560 636 608 661]][[559 636 608 661]][[560 636 608 661]][[559 636 608 661]][[559 636 608 661]][[560 636 608 661]][[560 636 608 661]][[561 636 608 661]][[560 635 608 661]][[560 636 608 661]
 [520 645 568 674]][[561 636 608 661]
 [520 645 568 675]][[560 636 608 661]][[560 637 608 662]][[559 636 608 662]
 [519 645 567 674]][[560 636 608 662]
 [519 645 567 674]][[561 636 608 662]
 [518 645 567 674]][[561 637 608 662]
 [518 645 567 673]][[559 636 607 662]
 [518 645 567 673]][[561 637 607 662]
 [518 645 566 672]][[559 636 608 662]
 [518 644 566 672]][[559 636 608 662]
 [518 645 566 672]][[557 636 607 662]
 [517 645 566 673]][[556 636 608 662]
 [517 645 567 673]][[557 637 608 662]][[557 636 608 662]
 [517 645 566 672]][[560 636 608 662]][[561 636 608 662]][[561 636 608 662]][[559 636 608 662]][[565 636 608 662]][[561 637 608 663]][[562 637 609 662]][[561 636 609 662]][[560 636 609 662]][[560 635 609 662]][[558 635 610 662]][[558 635 610 662]][[559 635 610 662]
 [516 639 566 670]][[559 635 609 662]
 [515 640 566 670]][[559 635 610 662]
 [515 640 566 671]][[549 598 600 623]][[549 598 600 624]][[548 598 600 624]][[548 598 600 625]][[549 599 600 626]][[549 599 600 626]][[547 600 600 628]][[548 600 599 628]][[548 601 599 629]][[548 601 599 629]][[547 601 599 630]][[547 603 600 631]][[548 604 600 632]][[548 604 601 632]][[547 605 598 632]][[548 607 600 633]][[547 607 597 634]][[547 608 598 635]][[548 608 599 635]][[547 608 600 635]][[547 609 601 636]][[548 608 601 635]][[548 609 601 635]][[549 609 601 636]][[549 610 602 637]][[549 610 602 637]][[549 610 602 637]][[548 610 602 638]][[548 611 601 639]][[547 612 601 639]][[548 613 601 639]][[549 612 602 640]][[549 613 601 640]][[549 613 600 641]][[549 613 600 641]][[548 612 600 642]][[549 614 601 642]][[549 614 601 642]][[549 614 601 643]][[548 617 601 644]][[548 617 601 644]][[547 618 601 644]][[547 619 600 645]][[547 619 600 645]][[546 619 600 646]][[546 619 600 647]][[546 620 600 647]][[547 621 599 647]][[547 621 599 647]][[547 620 598 648]][[547 621 598 648]][[547 622 598 648]][[547 623 598 649]][[547 623 598 649]][[547 623 598 649]][[547 623 597 649]][[547 624 598 649]][[547 624 598 650]][[547 624 598 650]][[547 625 598 650]][[547 625 598 650]][[547 625 598 650]][[546 625 599 651]][[546 625 599 651]][[546 625 599 651]][[546 625 600 651]][[547 625 600 650]][[547 625 600 651]][[548 626 600 651]][[548 626 600 652]][[548 626 600 652]][[548 627 601 652]][[548 628 601 652]][[548 628 601 652]][[548 628 601 653]][[547 627 600 653]][[547 627 601 653]][[547 628 600 654]][[547 628 600 654]][[547 627 600 654]][[548 628 600 654]][[548 628 600 654]][[548 629 600 654]][[548 629 600 655]][[548 629 599 655]][[547 629 598 655]][[547 629 599 655]][[548 629 599 655]][[548 629 599 656]][[548 630 598 656]][[548 630 598 656]][[548 630 598 656]][[548 630 598 656]][[545 632 594 657]][[545 632 593 657]][[545 633 594 658]][[546 632 597 658]][[546 632 596 659]][[546 632 596 659]][[546 633 595 659]][[545 633 595 659]][[545 634 594 660]][[545 633 595 659]][[545 634 594 660]][[545 634 594 660]][[545 635 589 660]][[545 635 589 660]][[545 635 594 660]][[545 635 594 660]][[545 635 594 660]][[545 635 594 660]][[545 635 594 661]][[545 635 594 661]][[545 635 595 661]][[545 635 595 661]][[545 636 595 661]][[545 636 595 661]][[544 636 595 661]][[545 636 595 661]][[545 636 596 661]][[545 636 596 661]][[546 636 596 661]][[546 636 596 661]][[545 636 596 661]][[545 636 596 661]][[545 636 596 661]][[545 637 596 661]][[546 636 596 661]][[547 637 596 661]][[548 638 597 661]][[547 638 596 662]][[548 638 597 662]][[549 638 596 662]][[550 638 597 662]][[550 638 596 662]][[549 639 597 662]][[550 639 597 662]][[552 639 596 662]][[551 639 597 662]][[551 639 597 662]][[550 639 596 663]][[551 639 596 662]][[549 639 596 663]][[550 639 596 662]][[550 639 596 662]][[548 639 596 663]][[547 639 596 663]][[548 639 596 663]][[547 639 596 663]][[546 639 596 663]][[547 638 596 663]][[547 639 596 663]][[547 639 596 663]][[547 639 596 664]][[547 638 596 664]][[547 639 595 664]][[547 639 595 664]][[547 639 595 664]][[546 639 594 664]][[547 639 595 664]][[546 639 595 664]][[547 639 595 664]][[546 639 595 664]][[546 639 595 664]][[546 640 595 664]][[546 639 595 664]][[546 640 595 664]][[546 640 595 664]][[546 639 595 664]][[546 640 596 664]][[546 639 597 664]][[547 640 597 665]][[547 640 597 665]][[547 640 597 665]][[547 640 596 665]][[547 640 596 665]][[545 639 596 665]][[545 639 596 666]][[545 639 596 666]][[545 639 596 666]][[545 640 597 666]][[545 640 597 666]][[546 640 597 666]][[545 640 597 666]][[545 640 597 666]][[545 640 597 666]][[546 640 597 667]][[546 640 598 667]][[545 640 597 667]][[545 640 597 667]][[546 640 597 667]][[540 642 599 668]][[539 642 600 668]][[540 642 599 668]][[539 641 599 668]][[540 642 599 668]][[539 643 600 668]][[  0 742  59 812]][[  0 739  83 806]][[  0 738  95 810]][[  1 740 108 810]][[  1 739 121 811]
 [533 644 593 670]][[  0 738 131 811]
 [532 643 592 669]][[  0 737 143 813]
 [533 643 593 670]][[  0 734 154 812]
 [534 643 592 670]][[  0 732 166 810]
 [534 643 592 670]][[  0 732 175 806]
 [534 644 592 671]][[  1 728 185 799]
 [534 643 592 670]][[  4 726 196 797]
 [533 644 592 671]][[ 21 723 202 794]][[ 33 722 214 791]][[ 46 720 224 789]][[ 58 720 234 787]][[ 68 718 241 784]][[ 84 716 248 782]][[ 95 714 254 781]][[105 713 264 779]][[117 712 270 774]][[128 711 275 774]][[137 709 289 770]][[147 708 296 769]][[158 706 303 766]][[167 705 308 764]][[177 704 315 761]][[185 703 324 760]][[195 702 329 758]][[203 701 335 757]][[213 698 342 753]][[220 697 348 753]][[228 695 353 752]][[235 695 360 750]][[243 693 365 749]][[248 694 371 748]
 [521 646 585 671]][[257 692 375 746]][[263 692 379 745]][[272 690 386 744]][[280 691 389 742]][[285 689 396 740]][[292 689 401 738]][[295 689 405 737]][[303 687 409 736]
 [517 646 579 674]][[312 687 414 735]
 [519 646 579 673]][[316 685 420 733]
 [520 646 579 673]][[322 684 424 733]
 [514 645 577 674]][[327 681 428 731]][[335 681 433 730]
 [518 645 576 673]][[338 680 436 728]][[343 681 440 727]][[352 679 446 726]][[357 680 447 725]][[361 681 451 724]][[368 680 454 722]][[372 679 462 721]][[378 679 464 719]][[383 677 467 719]][[386 677 468 719]][[389 677 474 718]][[395 677 476 717]][[398 676 480 716]][[403 677 482 715]][[407 676 487 714]][[412 676 490 713]
 [520 650 571 676]][[416 674 493 714]
 [521 650 570 676]][[421 674 497 713]
 [521 652 570 676]][[424 673 500 711]
 [521 651 570 677]][[428 673 502 710]][[433 672 503 710]][[439 672 504 709]
 [518 652 569 678]][[441 671 505 708]][[443 670 506 707]][[449 669 504 707]
 [520 653 570 677]][[452 669 502 706]
 [522 653 569 678]][[457 669 524 704]
 [456 669 503 705]
 [522 654 570 678]][[458 670 526 703]
 [458 670 504 704]
 [520 654 569 678]][[463 666 531 703]
 [519 654 568 678]][[465 663 534 703]
 [522 654 568 678]][[471 662 536 703]
 [523 655 569 678]][[473 662 538 702]
 [526 655 568 677]][[475 662 541 702]][[479 663 543 702]][[481 661 545 702]][[500 658 562 698]][[504 656 564 698]][[505 656 563 696]][[505 657 564 696]][[504 655 568 695]][[505 654 569 695]][[510 655 571 695]][[516 660 574 693]][[519 660 576 693]][[519 656 577 694]][[522 659 579 693]][[521 660 582 692]][[523 662 586 692]][[528 664 586 691]][[532 663 588 691]][[532 663 591 691]][[538 662 592 691]][[539 661 595 689]][[542 661 596 689]][[544 662 598 689]][[547 662 600 688]][[549 662 600 688]][[553 663 603 688]][[555 662 607 687]][[557 662 607 687]][[558 662 609 686]][[561 662 611 686]][[564 661 614 687]][[566 662 615 687]][[568 662 617 686]][[568 662 617 685]][[569 661 618 685]][[572 661 619 685]][[575 661 620 685]][[575 662 621 686]][[575 663 623 686]][[577 661 624 684]][[579 661 627 684]][[581 660 627 684]][[582 659 630 683]][[585 659 630 682]][[587 660 632 682]][[588 661 632 682]][[589 658 634 682]][[589 656 635 681]][[591 658 636 681]][[592 658 638 682]][[594 659 639 682]][[596 659 642 682]][[598 659 642 682]][[599 658 646 682]
 [502 663 559 688]][[601 659 645 682]][[602 659 646 682]][[604 658 647 681]][[604 657 647 681]][[606 657 648 681]][[606 657 648 681]][[607 658 647 680]][[608 659 647 680]][[612 659 649 680]][[614 658 649 679]][[504 664 553 691]][[503 665 553 691]][[503 665 553 691]][[503 664 553 691]][[503 665 553 691]][[502 666 552 691]][[502 664 552 690]][[501 663 553 688]][[501 663 553 688]][[501 664 552 690]][[501 663 552 689]][[500 663 553 689]][[504 665 553 691]][[504 665 552 691]][[503 666 553 692]][[503 666 552 692]][[502 666 553 692]][[502 667 552 692]][[502 667 553 692]][[502 667 553 693]][[503 667 553 693]][[502 667 553 693]][[502 667 553 693]][[502 667 553 693]][[502 667 554 693]][[503 667 554 693]][[502 667 554 693]][[504 668 554 693]][[  0 770  35 829]
 [  0 770  53 830]][[  0 749  83 832]][[  0 747 101 829]][[  1 746 123 831]][[  0 743 117 827]][[  1 740 152 832]][[  1 738 163 830]][[  0 736 172 824]][[  0 734 182 821]][[  2 733 194 818]][[ 19 731 199 815]][[ 35 729 215 812]][[ 46 729 226 809]][[ 60 725 237 803]][[ 75 724 248 802]][[ 89 723 257 800]][[103 721 265 797]][[114 719 273 794]][[126 719 285 790]][[138 717 293 786]][[151 716 302 786]][[161 715 308 783]][[175 713 317 783]][[184 712 323 781]][[195 713 330 780]][[204 712 342 777]][[213 709 347 775]][[223 708 354 772]][[230 708 360 769]][[241 707 369 770]][[250 705 375 768]][[257 705 380 767]][[268 705 384 763]][[276 704 392 762]][[283 703 399 761]][[290 700 405 759]][[298 697 409 757]][[303 692 414 755]][[312 693 420 753]][[317 694 424 751]][[326 696 429 751]][[334 694 432 751]][[339 694 437 750]][[344 693 445 749]][[350 695 448 747]][[356 693 454 746]][[363 693 458 744]][[367 693 461 744]][[374 693 467 742]][[380 692 471 742]][[387 692 475 740]][[390 693 479 738]][[397 692 483 737]][[401 692 488 736]][[407 692 490 735]][[411 692 491 735]][[416 692 493 734]][[422 692 501 734]][[430 681 509 731]][[444 680 522 728]][[446 684 522 727]
 [517 678 558 702]][[452 681 525 725]][[456 680 527 725]][[461 680 531 725]][[464 679 537 725]][[467 678 538 724]][[484 679 554 719]][[489 679 555 719]][[490 676 556 719]][[491 676 560 718]][[492 678 562 718]][[494 677 564 717]][[499 678 566 716]][[501 678 570 715]][[509 678 571 714]][[509 679 573 713]][[511 680 575 712]][[513 680 578 712]][[517 679 579 712]][[519 678 582 712]][[523 677 583 712]][[527 676 585 711]][[531 675 588 710]][[534 677 591 710]][[536 677 594 709]][[537 676 596 709]][[540 676 597 708]][[543 676 599 708]][[545 673 599 707]][[547 672 601 705]][[550 672 603 705]][[553 672 604 705]][[556 674 604 705]][[561 678 601 703]][[564 674 616 703]][[566 673 617 703]][[566 674 617 703]][[570 671 614 702]][[574 669 624 701]][[575 670 627 700]][[577 669 629 700]][[581 666 630 699]][[581 668 632 698]][[583 669 632 698]][[586 670 634 698]][[589 669 635 697]][[590 670 636 697]][[592 670 636 697]][[594 672 640 696]][[596 672 641 696]][[598 671 640 696]][[600 671 639 696]][[601 672 639 696]][[602 673 643 695]][[604 673 643 696]][[606 673 643 695]][[607 673 643 695]][[610 672 645 695]][[613 672 644 694]][[615 672 645 694]][[618 671 647 693]][[619 671 647 693]][[621 672 648 693]][[621 672 649 693]][[503 683 552 708]][[503 684 551 708]][[503 683 552 708]][[504 684 552 708]][[504 684 553 708]][[504 683 553 709]][[504 684 553 709]][[504 684 553 709]][[504 684 553 709]][[504 684 553 709]][[505 684 553 709]][[504 684 553 709]][[505 684 553 709]][[504 684 554 709]][[504 684 554 709]][[504 684 554 709]][[504 684 554 709]][[505 684 553 709]][[504 684 554 709]][[504 684 553 709]][[504 684 553 709]][[504 684 553 709]][[505 684 553 709]][[507 685 554 710]][[507 685 554 710]][[507 685 554 710]][[507 685 554 710]][[507 685 554 710]][[506 685 553 711]][[506 685 554 711]][[505 686 554 711]][[505 686 554 711]][[505 686 554 711]][[505 686 554 711]][[505 686 554 711]][[504 687 555 711]][[505 686 554 711]][[504 687 555 712]][[504 687 555 712]][[505 687 555 712]][[505 687 556 712]][[505 687 556 712]][[505 687 556 712]][[505 687 556 712]][[504 687 556 712]][[505 687 556 712]][[504 686 555 712]][[504 686 555 712]][[506 687 556 712]][[506 687 556 712]][[506 688 557 712]][[506 688 556 713]][[507 688 556 713]][[508 688 556 713]][[507 688 556 713]][[508 688 557 713]][[509 688 557 713]][[508 688 557 713]][[508 688 557 713]][[508 688 557 713]][[509 688 558 714]][[503 688 560 715]][[501 688 560 716]][[502 688 560 716]][[502 688 560 716]][[502 688 560 716]][[502 689 560 716]][[502 689 561 716]][[502 688 561 716]][[503 688 561 715]][[503 688 561 715]][[503 689 561 716]][[504 688 561 715]][[509 688 561 715]][[507 688 561 715]][[504 688 561 715]][[506 689 562 715]][[511 689 563 715]][[511 690 564 715]][[512 689 563 715]][[514 689 564 714]][[514 689 564 714]][[514 689 564 714]][[514 689 564 713]][[514 689 564 713]][[513 688 563 713]][[513 688 564 713]][[513 688 564 713]][[513 688 565 713]][[513 688 565 713]][[513 688 565 713]][[513 688 565 713]][[513 688 565 713]][[513 688 565 713]][[514 688 564 713]][[514 688 564 713]][[514 688 564 713]][[514 689 564 713]][[514 688 565 713]][[514 689 565 713]][[514 688 565 713]][[514 688 565 712]][[513 688 564 712]][[512 687 564 712]][[513 688 564 712]][[513 688 564 712]][[513 688 565 712]][[513 688 564 712]][[514 688 565 712]][[513 688 564 712]][[513 688 564 712]][[515 688 565 712]][[514 688 565 712]][[515 688 565 712]][[515 688 565 712]][[513 687 565 712]][[514 687 565 712]][[514 686 565 712]][[513 686 565 712]][[513 687 565 712]][[514 687 565 712]][[513 687 565 712]][[513 687 565 712]][[513 687 565 712]][[513 686 565 712]][[512 686 565 712]][[512 685 565 712]][[513 685 565 712]][[513 685 564 712]][[512 685 564 712]][[512 685 565 712]][[512 686 564 712]][[512 684 564 712]][[514 685 564 712]][[514 685 564 712]][[514 685 565 712]][[514 685 565 712]][[515 685 565 711]][[513 684 565 711]][[512 684 565 711]][[514 684 565 711]][[515 685 566 711]][[514 685 566 711]][[517 686 566 710]][[515 685 566 711]][[514 685 566 711]][[515 685 566 711]][[410 643 443 663]][[448 677 479 698]][[449 677 480 698]][[450 677 482 698]][[451 676 482 698]][[452 677 484 698]][[453 676 486 699]][[453 676 487 698]][[459 676 496 702]][[460 676 496 702]][[460 678 497 703]][[462 678 499 703]][[462 678 502 704]][[462 678 502 706]][[463 678 504 706]][[464 677 506 707]][[466 678 506 708]][[467 679 506 708]][[468 679 509 709]][[470 678 510 709]][[470 679 512 709]][[471 679 513 709]][[472 679 514 710]][[473 680 516 711]][[474 680 520 711]][[476 680 521 712]][[476 682 522 712]][[478 682 525 712]][[479 682 527 713]][[481 680 528 713]][[483 681 529 713]][[486 682 533 714]][[487 682 536 715]][[489 682 539 716]][[491 683 541 717]][[493 680 543 717]][[495 681 545 718]][[496 678 550 718]][[497 677 552 718]][[499 677 554 719]][[500 681 556 720]][[503 682 558 721]][[504 683 561 723]][[507 683 564 726]][[509 684 567 726]][[511 683 572 726]][[512 682 575 727]][[516 684 576 727]][[518 684 581 727]][[520 684 586 729]][[522 684 592 731]][[524 686 594 732]][[527 685 600 733]][[530 685 603 734]][[533 685 608 735]][[536 684 614 738]][[540 685 620 739]][[543 685 626 741]][[546 686 630 743]][[551 686 636 742]][[554 686 644 743]][[559 687 649 745]][[561 687 657 745]][[567 686 664 747]][[570 688 671 751]][[575 689 680 753]][[580 689 688 755]][[585 690 696 758]][[591 690 705 759]][[595 690 715 761]][[601 689 720 763]][[608 689 720 763]][[613 689 720 765]][[622 689 720 767]][[629 690 720 768]][[635 690 720 773]][[643 690 720 777]][[652 690 720 776]][[661 691 720 776]][[671 690 720 775]][[681 691 720 775]][[694 691 720 776]][[461 652 485 670]][[461 652 486 670]][[461 652 487 670]][[462 653 487 671]][[462 654 487 671]][[462 655 488 671]][[463 655 488 671]][[463 656 488 672]][[463 657 489 672]][[463 657 489 673]][[463 658 489 674]][[463 658 490 674]][[464 659 491 675]][[466 660 493 676]][[466 660 494 676]][[473 663 503 682]][[472 664 505 683]][[473 664 505 683]][[473 664 505 684]][[473 664 505 684]][[474 664 506 685]][[474 665 507 686]][[474 665 507 687]][[475 665 508 687]][[476 665 508 687]][[476 665 509 688]][[476 666 510 689]][[477 666 511 690]][[477 666 511 690]][[478 666 512 692]][[478 668 513 693]][[479 669 516 693]][[479 669 517 694]][[480 669 518 695]][[481 669 519 696]][[482 670 520 696]][[483 671 521 697]][[483 671 522 698]][[484 671 523 698]][[487 672 524 698]][[488 673 525 698]][[487 672 527 699]][[488 674 528 700]][[487 675 529 701]][[488 675 531 702]][[488 674 533 703]][[490 675 534 703]][[491 676 537 703]][[494 676 538 704]][[495 677 540 704]][[496 678 542 706]][[497 678 544 707]][[499 678 546 708]][[501 678 550 710]][[503 679 552 710]][[505 678 552 711]][[507 678 556 711]][[509 679 560 712]][[510 678 562 713]][[511 679 565 714]][[513 678 569 715]][[515 679 571 715]][[519 680 575 716]][[521 681 578 717]][[523 681 582 718]][[526 679 585 718]][[528 679 591 719]][[531 679 592 719]][[534 679 598 721]][[537 682 603 724]][[540 681 608 726]][[542 682 611 727]][[547 682 618 727]][[551 682 625 727]][[553 683 629 728]][[556 683 634 730]][[559 683 640 731]][[563 684 646 732]][[568 684 654 735]][[571 684 661 736]][[576 684 668 740]][[581 685 676 742]][[585 686 684 742]][[591 686 692 744]][[598 686 699 744]][[601 687 710 747]][[606 687 718 749]][[613 688 720 750]][[619 689 720 752]][[625 689 720 756]][[635 689 720 757]][[642 689 720 759]][[649 690 720 761]][[658 690 720 764]][[667 690 720 763]][[678 691 720 763]][[687 691 720 764]][[700 701 720 767]][[  0 622  42 734]][[  0 620  64 731]][[  1 596  82 728]][[  1 579 102 724]][[  0 579 119 721]][[  0 580 133 717]][[  1 581 148 724]][[  0 581 160 733]][[  0 583 176 727]][[  0 586 186 723]][[  1 585 197 718]][[  0 587 207 716]][[  0 590 218 714]][[  1 591 228 716]][[ 16 593 237 715]][[ 33 596 245 712]][[ 50 598 253 713]][[ 67 598 261 710]][[ 82 602 267 709]][[ 97 604 275 707]][[110 605 282 706]][[124 608 289 704]][[135 610 295 704]][[147 610 301 702]][[158 610 307 700]][[169 612 313 700]][[177 615 317 699]][[189 616 323 699]][[197 616 327 698]][[207 618 332 698]][[214 619 336 697]][[222 619 340 698]][[229 621 344 696]][[235 622 349 695]][[243 622 352 695]][[249 622 357 694]][[256 624 361 693]][[261 626 363 693]][[267 626 365 692]][[273 626 371 692]][[283 626 376 691]][[290 628 378 688]][[294 627 383 688]][[299 629 386 690]][[304 629 388 687]][[307 631 391 688]][[312 633 393 688]][[316 634 396 688]][[320 634 397 687]][[323 635 400 688]][[327 635 401 687]][[331 636 404 687]][[334 635 406 687]][[338 637 410 686]][[341 637 412 686]][[344 637 412 686]][[347 638 413 687]][[350 639 413 687]][[353 640 417 687]][[356 641 418 687]][[360 642 422 686]][[362 643 424 686]][[364 643 426 686]][[366 642 426 686]][[369 643 428 686]][[372 643 429 686]][[374 643 431 686]][[377 644 432 686]][[379 644 434 686]][[381 645 435 685]][[383 645 435 685]][[385 645 438 685]][[387 646 439 685]][[390 646 440 685]][[391 647 441 684]][[393 647 442 683]][[394 647 443 683]][[396 647 445 682]][[398 647 446 683]][[400 647 448 683]][[401 647 448 683]][[403 647 449 682]][[405 647 450 682]][[407 647 450 682]][[407 647 452 683]][[410 647 454 681]][[411 648 455 681]][[412 648 456 682]][[414 647 456 680]][[416 647 457 680]][[417 646 457 680]][[419 646 459 680]][[419 645 460 680]][[420 645 461 679]][[426 647 464 679]][[425 647 464 680]][[429 648 465 679]][[431 648 466 679]][[433 649 467 679]][[433 649 468 679]][[434 649 469 679]][[435 649 470 678]][[436 649 471 677]][[437 648 472 677]][[438 648 473 677]][[439 648 473 677]][[440 648 473 676]][[441 649 474 677]][[442 649 475 676]][[443 649 476 676]][[443 649 477 676]][[444 649 476 676]][[444 648 477 676]][[445 647 478 676]][[445 647 478 676]][[446 646 479 676]][[446 648 480 675]][[446 649 480 676]][[447 649 480 675]][[449 650 480 675]][[449 650 480 674]][[450 650 480 673]][[450 650 480 673]][[450 649 481 672]][[450 650 483 671]][[450 650 483 671]][[452 650 484 671]][[452 650 484 671]][[453 649 485 671]][[455 649 485 671]][[496 648 523 668]][[496 649 522 668]][[496 649 522 668]][[496 649 522 668]][[496 649 522 669]][[495 649 522 669]][[495 649 521 669]][[494 649 522 670]][[494 649 522 670]][[494 649 521 670]][[493 649 522 670]][[493 649 521 671]][[492 649 522 671]][[492 649 522 671]][[490 649 521 671]][[490 649 520 671]][[489 649 519 671]][[488 648 517 671]][[488 648 517 672]][[488 648 517 672]][[487 648 516 672]][[486 647 516 673]][[485 647 515 673]][[484 648 514 673]][[483 648 514 674]][[482 648 513 674]][[480 648 513 674]][[479 648 513 674]][[478 648 513 675]][[478 648 512 674]][[478 648 511 674]][[478 647 510 674]][[477 647 510 674]][[476 647 510 675]][[475 648 510 676]][[474 647 510 676]][[474 647 510 676]][[473 648 509 676]][[473 648 508 677]][[472 648 508 677]][[471 647 508 677]][[470 647 507 678]][[468 648 506 678]][[468 648 506 679]][[467 648 505 679]][[465 647 504 679]][[464 647 504 679]][[464 648 503 680]][[463 647 503 680]][[462 647 502 680]][[461 647 502 680]][[460 647 501 681]][[459 647 500 681]][[458 647 499 681]][[457 647 499 682]][[455 647 498 682]][[454 646 498 682]][[453 647 497 682]][[451 647 497 683]
 [  1 650  32 732]][[449 647 496 684]
 [  1 625  48 735]][[448 646 495 685]
 [  0 624  62 730]][[447 647 494 685]
 [  1 613  77 729]][[  0 611  89 726]
 [445 647 494 686]][[  0 610 104 725]
 [443 647 493 686]][[  0 611 114 725]
 [442 646 493 686]][[  0 612 125 729]
 [438 647 492 687]][[  0 614 138 730]
 [437 647 492 687]][[  0 614 149 725]
 [435 646 491 688]][[  0 614 157 725]
 [433 647 490 689]][[  0 614 168 726]
 [432 647 490 691]][[  0 617 177 724]
 [431 647 488 692]][[  1 618 184 722]
 [428 646 485 692]][[  1 620 193 721]
 [426 646 485 693]][[ 11 622 202 719]
 [425 646 484 694]][[ 26 622 210 719]
 [424 646 483 695]][[ 40 623 215 717]
 [421 646 483 696]][[ 52 624 223 715]
 [416 646 482 696]][[ 66 625 230 715]
 [414 646 482 697]][[ 77 626 237 713]
 [410 646 481 698]][[ 89 627 244 712]
 [409 646 480 698]][[406 645 478 699]
 [ 98 626 249 711]][[109 628 255 710]
 [402 644 475 702]][[398 644 473 702]
 [120 629 261 709]][[127 630 266 707]
 [395 644 473 703]][[391 645 471 704]
 [138 630 271 706]][[387 644 469 704]
 [145 631 277 706]][[384 645 466 707]
 [155 631 284 705]][[379 644 465 709]
 [162 634 289 703]][[374 643 463 710]
 [171 633 292 703]][[370 643 461 712]
 [179 634 296 702]][[364 643 457 712]
 [187 634 301 702]][[359 643 456 714]
 [193 634 305 702]][[352 642 453 715]
 [200 634 309 701]][[346 642 450 717]
 [206 634 313 701]][[341 642 448 719]
 [211 637 317 698]][[333 641 444 722]
 [218 638 320 698]][[326 643 441 724]
 [224 638 324 698]][[320 641 440 726]
 [230 640 325 698]][[311 641 434 728]
 [235 638 320 698]][[302 641 430 730]
 [242 636 340 697]][[291 639 427 731]
 [246 638 324 697]][[282 640 422 734]
 [252 639 321 695]][[270 639 418 740]
 [259 639 317 693]][[259 638 413 740]][[245 636 408 746]][[231 636 404 750]][[215 635 397 754]][[196 633 389 756]][[177 631 382 762]][[155 629 375 767]][[132 628 367 768]][[104 626 366 776]][[ 73 626 352 784]
 [331 641 371 692]][[ 38 623 337 792]
 [317 639 374 692]][[  1 620 328 800]
 [309 641 376 692]][[  1 617 314 810]
 [296 638 378 692]][[  1 612 300 826]
 [312 645 381 691]][[  0 611 284 840]
 [315 646 382 692]][[  0 607 268 863]
 [318 646 385 691]][[  1 605 246 882]
 [320 646 386 691]][[  1 604 223 847]
 [323 647 387 690]][[  1 597 196 844]
 [327 647 390 689]][[  1 599 165 848]
 [330 648 392 688]][[  0 600 125 872]
 [333 647 393 688]][[  1 604  79 891]
 [335 647 396 688]][[338 647 399 687]][[341 648 401 688]][[345 648 401 687]][[347 648 403 687]][[349 648 405 687]][[351 648 408 687]][[353 648 409 687]][[355 648 409 687]][[357 648 412 687]][[360 649 413 687]][[363 649 414 686]][[365 648 415 686]][[367 649 416 686]][[368 649 418 686]][[370 650 420 685]][[372 650 421 685]][[375 649 424 684]][[376 651 424 684]][[378 651 425 684]][[381 651 426 684]][[382 651 428 684]][[384 651 429 683]][[385 652 429 683]][[386 651 432 682]][[388 651 433 682]][[389 651 433 682]][[390 652 435 682]][[392 653 435 682]][[394 652 437 681]][[395 653 438 681]][[397 654 438 681]][[399 654 439 681]][[401 653 440 681]][[402 653 441 681]][[403 653 443 681]][[404 653 442 681]][[405 654 444 681]][[405 654 445 681]][[407 653 446 681]][[409 652 447 681]][[410 652 447 680]][[411 653 448 680]][[411 653 448 680]][[412 654 449 680]][[413 654 451 680]][[413 654 451 680]][[415 655 452 680]][[417 654 453 680]][[417 654 454 680]][[419 654 454 680]][[420 654 455 680]][[420 654 455 680]][[422 654 455 680]][[422 654 455 680]][[423 655 456 680]][[424 656 456 680]][[425 655 457 680]][[427 655 458 680]][[428 655 459 679]][[429 655 460 679]][[430 654 460 679]][[431 654 461 680]][[431 654 461 680]][[432 655 463 680]][[439 660 471 681]][[440 660 472 681]][[447 662 476 681]][[448 662 477 681]][[448 662 479 681]][[449 663 480 681]][[451 663 479 681]][[451 663 480 682]][[452 663 480 682]][[452 663 480 682]][[452 664 480 682]][[452 664 481 682]][[453 664 481 682]][[455 664 482 682]][[465 665 492 683]][[465 666 492 683]][[466 666 493 683]][[466 666 494 683]][[466 667 494 684]][[467 667 494 684]][[468 667 495 684]][[468 668 495 684]][[  0 669  40 770]][[  0 665  65 770]][[  0 651  83 765]][[  1 626 106 761]][[  0 620 124 762]][[  0 622 138 766]][[  1 621 156 768]][[  1 621 170 767]][[  0 621 185 767]][[  0 623 198 761]][[  0 625 208 759]][[  0 627 220 755]][[  2 628 232 753]][[ 26 631 241 751]][[ 52 632 252 748]][[ 72 635 261 745]][[ 90 635 268 745]][[110 635 278 741]][[126 637 285 740]
 [  2 607 135 763]][[144 638 292 738]][[  1 605 169 757]
 [160 641 299 736]][[  0 612 183 754]][[  2 612 196 753]
 [189 641 313 732]][[ 18 614 208 754]
 [201 644 319 732]][[ 39 623 222 750]
 [212 645 323 729]][[ 56 622 231 748]
 [223 647 330 730]
 [220 646 331 728]][[ 75 631 239 748]
 [506 675 538 698]
 [232 647 336 728]][[ 89 633 250 746]
 [245 650 342 727]
 [506 676 539 698]][[250 650 346 725]
 [105 637 258 744]
 [505 676 539 698]][[261 651 351 725]
 [121 635 268 741]][[269 652 356 726]
 [136 636 273 737]][[148 636 284 737]
 [276 653 359 724]
 [503 677 539 698]][[282 654 364 724]
 [158 638 291 737]][[171 639 298 736]
 [290 655 368 722]
 [501 678 537 700]][[501 678 537 701]
 [183 643 372 733]
 [296 657 372 722]][[500 678 536 701]
 [303 658 374 721]][[499 679 537 701]
 [310 659 379 721]][[499 680 534 702]
 [215 650 383 730]][[498 680 533 703]][[497 680 534 703]
 [326 661 390 719]][[496 680 534 704]][[496 679 533 705]][[495 680 531 706]][[494 680 530 706]
 [262 656 397 728]][[492 680 528 707]
 [345 663 403 719]][[491 680 528 708]][[490 680 528 709]
 [355 665 409 719]][[489 681 528 709]][[489 680 527 710]][[489 680 526 710]
 [293 660 415 726]][[488 681 525 711]][[487 682 524 711]][[485 684 523 712]][[485 685 523 712]][[483 684 522 713]][[482 684 522 713]][[481 683 522 714]][[480 684 521 714]][[478 685 520 715]][[477 685 520 715]][[475 685 519 716]][[474 687 519 716]][[473 687 518 718]][[472 687 517 718]][[470 688 516 719]][[468 688 515 719]][[467 688 514 719]][[466 688 513 719]][[465 689 512 721]][[464 690 510 722]][[463 690 509 723]][[462 689 508 723]][[460 690 506 723]][[458 691 506 724]][[456 691 506 726]][[454 692 505 727]][[453 693 505 727]][[450 692 502 727]][[449 691 502 729]][[447 692 500 729]][[443 692 499 730]][[442 694 499 732]][[439 694 498 732]][[438 693 497 733]][[436 692 497 734]][[433 692 495 734]][[432 693 492 734]][[430 693 491 735]][[426 693 488 736]][[425 693 487 737]][[420 695 486 739]][[420 695 483 741]][[418 694 483 741]][[415 694 482 743]][[411 694 481 743]][[409 694 478 744]][[407 694 477 744]][[402 695 476 745]][[400 696 475 746]][[395 696 472 747]][[392 697 469 748]][[389 698 467 749]][[385 698 466 750]][[383 698 466 751]][[378 699 464 752]][[375 699 460 753]][[371 699 457 756]][[368 698 456 757]][[360 699 454 757]][[357 699 452 759]][[352 700 449 760]][[347 699 446 760]][[342 699 442 761]][[337 699 441 763]][[331 698 437 765]][[325 698 434 767]][[319 699 431 769]][[312 699 428 770]][[306 699 425 773]][[298 698 421 776]][[290 698 418 777]][[282 699 414 780]][[274 698 410 782]
 [520 700 539 740]][[264 696 406 785]
 [520 699 539 741]][[255 697 402 787]
 [520 699 539 741]][[246 696 398 789]][[233 697 393 791]][[223 694 388 795]][[212 695 382 798]][[199 696 378 803]][[184 696 371 807]][[170 695 365 809]][[153 696 359 816]][[135 694 352 818]][[115 694 345 821]][[ 93 694 337 830]][[ 70 692 328 832]][[ 42 693 318 833]][[ 13 692 309 845]][[  0 692 299 848]][[  1 691 288 863]][[  1 692 275 871]][[  0 689 262 881]][[  1 688 248 901]][[  0 688 233 915]][[  1 685 217 904]][[  0 684 199 898]][[  0 683 178 885]][[  0 688 154 888]][[  0 695 129 903]][[  0 707  98 918]][[  0 728  66 919]][[  0 746  26 865]][[486 703 506 753]][[486 702 506 753]][[485 702 506 753]][[485 701 505 753]][[485 701 505 753]][[484 701 504 753]][[483 701 504 753]][[482 702 504 754]][[482 702 503 754]][[482 702 503 754]][[482 702 502 754]][[482 702 501 754]][[482 703 500 754]][[481 703 500 754]][[481 702 500 754]][[479 702 499 754]][[479 700 499 754]][[479 700 499 754]][[477 700 497 754]][[476 701 496 755]][[476 701 496 755]][[475 700 496 755]][[475 700 496 755]][[474 699 496 756]][[474 699 495 755]][[473 699 495 755]
 [502 698 522 747]][[473 700 494 756]][[473 701 494 756]][[472 701 494 756]][[472 700 493 757]][[  0 615  33 713]][[  1 600  91 740]][[  2 590 143 741]][[  0 561 194 738]][[  1 534 238 737]][[  1 528 284 737]][[  0 531 325 737]][[  0 535 367 742]][[  0 539 405 742]][[  0 542 442 739]][[ 32 545 474 735]][[ 81 550 506 733]][[128 555 535 731]][[171 556 563 729]][[211 559 589 727]][[246 562 614 724]][[285 566 638 723]][[318 569 658 722]][[350 571 680 720]][[381 575 698 718]][[411 578 715 716]][[436 578 719 715]][[463 581 720 714]][[488 585 720 713]][[510 585 720 712]][[531 587 720 711]][[553 589 719 711]][[572 591 719 711]][[591 592 719 707]][[611 595 720 702]][[625 596 720 702]][[659 599 719 702]][[674 600 718 700]][[688 607 719 699]][[684 631 720 703]][[665 628 719 705]][[648 621 720 701]][[630 618 719 698]][[615 614 720 702]][[599 606 719 699]][[582 605 720 709]][[569 603 720 708]][[557 603 720 701]][[543 601 720 698]][[530 600 720 692]][[518 600 720 689]][[504 597 710 686]][[495 596 687 685]][[483 594 670 679]][[473 593 655 676]][[463 592 639 673]][[454 591 622 671]][[444 591 608 670]
 [597 615 713 693]][[434 590 594 665]][[424 589 582 662]][[415 589 567 662]][[408 588 555 659]][[399 588 543 655]][[390 587 535 654]][[383 587 519 652]][[375 587 510 652]
 [499 606 586 667]][[368 585 501 652]
 [487 608 574 667]][[368 586 487 648]][[366 584 479 646]][[350 584 471 645]][[337 581 449 642]][[332 582 444 639]][[323 580 436 637]][[319 583 425 637]][[312 581 416 636]][[306 579 411 639]][[303 579 412 639]][[297 577 423 636]][[289 576 442 642]][[286 576 432 640]][[281 575 424 639]][[263 576 351 625]][[258 576 346 622]][[255 574 339 619]][[234 574 305 621]][[230 574 345 624]][[223 573 335 626]][[221 573 326 621]][[217 573 321 622]][[214 572 316 621]][[205 571 264 614]][[199 570 275 616]][[192 572 285 616]][[187 573 275 614]][[184 573 271 615]][[182 571 267 611]][[179 571 265 612]][[176 571 260 612]][[173 570 257 613]][[170 570 252 610]][[168 569 249 610]][[166 568 246 608]][[162 567 242 606]][[160 567 238 606]][[147 566 218 602]][[147 567 216 602]][[144 564 216 601]][[143 563 213 599]][[139 562 211 599]][[136 563 206 599]][[134 564 203 599]][[132 565 200 599]][[131 564 198 597]][[129 564 197 596]][[128 564 192 596]][[105 551 141 573]][[105 551 145 573]][[106 551 145 573]][[107 550 146 574]][[108 550 148 573]][[108 549 149 573]][[109 546 150 573]][[109 545 152 572]][[111 546 152 573]][[111 546 153 574]][[112 546 153 574]][[113 546 154 574]][[114 546 154 574]][[115 546 155 573]][[114 545 156 574]][[116 545 157 573]][[115 544 158 572]][[118 546 159 572]][[119 546 160 572]][[119 546 161 572]][[121 545 165 572]][[123 545 167 573]][[125 545 168 572]][[126 545 170 572]][[129 545 172 573]][[130 545 174 572]][[132 545 175 573]][[133 546 175 572]][[136 546 178 573]][[137 546 181 573]][[138 546 181 573]][[138 545 183 573]][[138 545 184 573]][[138 544 186 573]][[140 544 187 574]][[142 544 189 574]][[143 544 191 574]][[146 544 193 574]][[148 544 194 574]][[150 545 197 574]][[151 544 199 574]][[153 545 202 574]][[155 548 204 575]][[157 547 206 575]][[158 545 208 575]][[159 545 212 575]][[161 548 213 576]][[165 548 215 576]][[167 548 217 576]][[168 547 221 576]][[170 548 220 577]][[171 547 224 577]][[174 546 228 578]][[176 546 230 580]][[178 548 233 580]][[178 548 235 581]][[182 548 236 581]][[184 548 240 581]][[187 548 244 581]][[190 549 245 582]][[192 549 247 583]][[194 549 250 583]][[196 549 254 583]][[199 549 257 583]][[201 550 260 584]][[204 550 262 584]][[207 550 264 585]][[208 550 267 584]][[211 550 271 585]][[214 550 275 586]][[216 550 278 587]][[220 550 282 587]][[223 550 284 587]][[224 550 287 589]][[227 550 290 590]][[230 550 294 591]][[232 551 299 591]][[236 550 302 591]][[239 551 308 590]][[242 551 309 591]][[247 551 316 591]][[249 551 319 592]][[254 551 322 593]][[257 552 323 594]][[260 552 331 593]][[264 553 337 595]][[268 553 339 595]][[272 553 343 597]][[274 551 344 594]][[279 553 348 597]][[282 551 348 595]][[286 553 351 598]][[289 555 370 599]][[295 556 379 601]][[303 554 386 601]][[308 556 391 600]][[312 557 396 601]][[315 557 402 602]][[320 555 407 603]][[324 553 414 602]][[330 552 419 603]][[333 554 427 605]][[338 554 433 605]][[345 554 437 606]][[356 553 445 606]][[358 553 450 607]][[358 553 457 609]][[364 554 465 609]][[366 552 469 611]
 [ 96 529 144 549]][[373 555 477 611]
 [ 96 528 138 549]][[378 555 483 612]
 [ 96 528 136 549]][[ 97 527 135 549]
 [385 555 491 615]][[390 555 500 615]
 [ 99 527 134 549]][[394 557 508 616]
 [ 99 527 136 549]][[ 99 528 137 549]][[ 99 528 137 549]
 [406 556 523 618]][[412 558 530 618]
 [100 527 137 549]][[101 527 137 549]
 [420 560 539 621]][[102 525 138 549]
 [430 562 548 623]][[434 560 557 625]
 [103 524 139 549]][[104 523 140 548]
 [441 563 567 626]][[448 560 576 627]
 [105 523 141 547]][[107 523 142 547]
 [454 560 589 628]][[462 561 595 631]
 [108 523 142 547]][[109 523 143 546]
 [467 561 607 631]][[476 563 619 633]
 [110 522 144 546]][[110 522 148 546]
 [481 563 627 635]][[492 565 639 637]
 [110 521 149 545]][[500 565 652 639]
 [113 521 150 545]][[508 567 665 642]
 [117 523 152 545]][[514 567 678 646]
 [118 524 153 546]][[528 572 688 649]
 [119 523 156 546]][[543 572 701 651]
 [120 524 157 547]][[543 570 717 654]
 [121 524 158 547]][[555 572 720 657]
 [123 524 160 547]][[565 572 720 658]
 [124 524 162 547]][[574 573 720 661]
 [126 523 164 547]][[128 524 166 547]
 [586 574 720 661]][[130 524 168 547]
 [605 581 720 661]][[132 525 169 548]
 [607 577 720 657]][[134 525 171 549]
 [621 578 720 658]][[135 524 172 549]
 [635 580 719 655]][[136 524 175 549]
 [646 582 720 661]][[138 525 176 550]
 [658 583 719 664]][[673 583 720 666]
 [139 524 180 551]][[142 524 183 551]
 [688 588 719 666]][[144 525 184 552]][[147 527 187 552]][[149 527 190 552]][[152 526 192 552]][[153 528 196 552]][[155 527 199 553]][[157 526 202 554]][[159 528 204 554]][[160 528 207 554]][[163 529 209 554]][[167 528 210 555]][[169 529 215 556]][[171 529 217 557]][[173 529 220 558]][[175 528 223 558]][[177 529 226 558]][[181 530 230 559]][[184 530 233 560]][[186 530 237 560]][[189 530 239 560]][[191 531 242 561]][[194 533 245 562]][[197 534 249 564]][[200 534 252 565]][[203 534 255 566]][[207 534 259 566]][[209 534 263 567]][[213 534 266 567]][[216 533 270 567]][[218 533 274 568]][[222 535 278 569]][[224 536 282 570]][[230 535 286 570]][[232 534 291 571]][[235 535 295 574]][[239 538 299 574]][[242 538 302 575]][[247 537 305 574]][[249 536 309 574]][[254 540 314 575]][[257 542 319 576]][[261 540 323 576]][[265 541 328 577]][[269 541 332 577]][[272 542 339 579]][[278 541 340 580]][[283 542 341 582]][[287 542 341 582]][[291 544 342 583]][[296 545 370 584]][[301 547 374 585]][[307 545 377 586]][[312 546 383 586]][[315 547 390 589]][[321 549 396 591]][[324 549 403 591]][[325 549 409 594]][[340 551 417 595]][[353 552 422 597]][[353 553 429 598]][[351 552 434 600]][[357 553 443 600]][[363 554 449 601]][[369 555 456 601]][[375 556 465 604]][[380 555 472 606]][[385 556 480 606]][[393 557 487 609]][[400 560 496 612]][[405 560 505 613]][[411 563 515 614]][[419 563 523 616]][[426 563 530 617]][[432 564 540 618]][[441 566 549 619]][[448 566 560 624]][[457 566 568 624]][[464 567 578 626]][[473 569 589 630]][[480 568 600 631]][[489 570 611 632]][[499 571 624 633]][[508 572 635 635]][[516 573 651 641]][[528 576 664 642]][[536 578 675 645]][[546 579 689 648]][[558 579 700 650]][[569 581 717 653]][[582 583 720 659]][[592 584 720 659]][[603 586 719 661]][[617 587 720 661]][[631 590 720 661]][[644 591 720 662]][[658 590 720 661]][[673 592 720 661]][[688 597 720 663]]